0 0.20006839945280439 0.8780096308186196 0.07250341997264022 0.1781701444622793
0 0.27393980848153215 0.8884430176565008 0.06292749658002736 0.15409309791332262
0 0.356703146374829 0.8499197431781701 0.1039671682626539 0.2504012841091493
0 0.454172366621067 0.8659711075441413 0.08960328317373462 0.21187800963081863
0 0.5143638850889193 0.7536115569823435 0.06224350205198358 0.14125200642054575
0 0.5331737346101231 0.6043338683788122 0.07113543091655267 0.17014446227929375
0 0.6132010943912448 0.593900481540931 0.09165526675786594 0.20385232744783308
0 0.5769493844049247 0.7544141252006421 0.06429548563611491 0.1492776886035313
0 0.5595075239398085 0.898876404494382 0.06224350205198358 0.1492776886035313
0 0.658686730506156 0.8402889245585875 0.11696306429548564 0.2857142857142857
0 0.42339261285909713 0.6460674157303371 0.11559507523939809 0.26324237560192615
