0 0.22093023255813954 0.8394863563402889 0.11149110807113544 0.2520064205457464
0 0.37688098495212036 0.8571428571428571 0.08960328317373462 0.21990369181380418
0 0.4586183310533516 0.877207062600321 0.06976744186046512 0.1797752808988764
0 0.48632010943912446 0.7383627608346709 0.05950752393980848 0.13964686998394862
0 0.5502735978112175 0.7263242375601926 0.060191518467852256 0.14446227929373998
0 0.5300957592339262 0.8828250401284109 0.0704514363885089 0.17495987158908508
0 0.5889192886456909 0.5585874799357945 0.09370725034199727 0.24237560192616373
0 0.6884404924760602 0.5746388443017657 0.08755129958960328 0.20385232744783308
0 0.6214090287277702 0.7520064205457464 0.06155950752393981 0.1476725521669342
0 0.61593707250342 0.8972712680577849 0.06429548563611491 0.14606741573033707
0 0.7045143638850889 0.8434991974317817 0.11833105335157319 0.27287319422150885
