0 0.146374829001368 0.826645264847512 0.10465116279069768 0.2680577849117175
0 0.23255813953488372 0.8756019261637239 0.07181942544459645 0.18298555377207062
0 0.31600547195622436 0.8812199036918138 0.0704514363885089 0.16853932584269662
0 0.359781121751026 0.7560192616372392 0.06224350205198358 0.14285714285714285
0 0.3816689466484268 0.8924558587479936 0.06087551299589603 0.15569823434991975
0 0.4729822161422709 0.8828250401284109 0.09575923392612859 0.17174959871589085
0 0.49623803009575923 0.6821829855537721 0.09165526675786594 0.20064205457463885
0 0.5663474692202463 0.7504012841091493 0.06087551299589603 0.15409309791332262
0 0.5595075239398085 0.898876404494382 0.06087551299589603 0.15248796147672553
0 0.5961012311901505 0.5890850722311396 0.09439124487004104 0.19743178170144463
0 0.6474008207934336 0.8354735152487961 0.12038303693570451 0.2825040128410915
