0 0.2130642954856361 0.8378812199036918 0.1094391244870041 0.2552166934189406
0 0.29890560875512995 0.8836276083467095 0.06087551299589603 0.1508828250401284
0 0.3850889192886457 0.8579454253611557 0.08686730506155951 0.21508828250401285
0 0.4439124487004104 0.6781701444622793 0.09370725034199727 0.24398073836276082
0 0.530437756497948 0.5658105939004815 0.08344733242134063 0.21187800963081863
0 0.47332421340629277 0.8804173354735152 0.07181942544459645 0.18298555377207062
0 0.5680574555403557 0.723916532905297 0.06292749658002736 0.1492776886035313
0 0.5601915184678523 0.8876404494382022 0.07181942544459645 0.1781701444622793
0 0.6330369357045144 0.7479935794542536 0.06429548563611491 0.14285714285714285
0 0.6268809849521204 0.8980738362760835 0.060191518467852256 0.14125200642054575
0 0.7154582763337893 0.8386837881219904 0.11969904240766074 0.27929373996789725
