0 0.3806429548563611 0.6436597110754414 0.11491108071135431 0.2712680577849117
0 0.3091655266757866 0.8434991974317817 0.09781121751025992 0.2568218298555377
0 0.49897400820793436 0.579454253611557 0.06292749658002736 0.1492776886035313
0 0.405608755129959 0.8595505617977528 0.08823529411764706 0.22150882825040127
0 0.46614227086183313 0.7215088282504013 0.07113543091655267 0.17014446227929375
0 0.551983584131327 0.7150882825040128 0.08686730506155951 0.2247191011235955
0 0.6268809849521204 0.7520064205457464 0.06155950752393981 0.1476725521669342
0 0.4883720930232558 0.8852327447833066 0.0704514363885089 0.17656500802568217
0 0.560875512995896 0.9012841091492777 0.06224350205198358 0.13804173354735153
0 0.6227770177838577 0.8972712680577849 0.058823529411764705 0.13964686998394862
0 0.7209302325581395 0.8402889245585875 0.11696306429548564 0.2825040128410915
