0 0.2558139534883721 0.877207062600321 0.07181942544459645 0.17656500802568217
0 0.3337893296853625 0.8884430176565008 0.06087551299589603 0.1508828250401284
0 0.4155266757865937 0.8451043338683788 0.09849521203830369 0.24077046548956663
0 0.4798221614227086 0.6420545746388443 0.11080711354309165 0.25842696629213485
0 0.5909712722298222 0.6059390048154093 0.073187414500684 0.17014446227929375
0 0.5116279069767442 0.8675762439807384 0.08960328317373462 0.20545746388443017
0 0.5721614227086184 0.7512038523274478 0.06155950752393981 0.13964686998394862
0 0.6347469220246238 0.7576243980738363 0.05950752393980848 0.15248796147672553
0 0.6152530779753762 0.8972712680577849 0.06429548563611491 0.14285714285714285
0 0.6699726402188783 0.5979133226324238 0.09165526675786594 0.20224719101123595
0 0.7154582763337893 0.841091492776886 0.1210670314637483 0.2808988764044944
