0 0.22264021887824897 0.6476725521669342 0.08618331053351573 0.2086677367576244
0 0.27872777017783856 0.8788121990369181 0.1012311901504788 0.1637239165329053
0 0.2971956224350205 0.5922953451043339 0.06839945280437756 0.16211878009630817
0 0.3348153214774282 0.7223113964686998 0.06566347469220246 0.14285714285714285
0 0.3820109439124487 0.8651685393258427 0.08891928864569083 0.21669341894060995
0 0.460328317373461 0.8362760834670947 0.05950752393980848 0.11396468699839486
0 0.5338577291381669 0.7913322632423756 0.06155950752393981 0.14285714285714285
0 0.5222298221614227 0.9165329052969502 0.06703146374829001 0.10112359550561797
0 0.6084131326949385 0.8635634028892456 0.11491108071135431 0.2102728731942215
0 0.7034883720930233 0.898876404494382 0.058823529411764705 0.14285714285714285
0 0.1631326949384405 0.8402889245585875 0.11491108071135431 0.26003210272873195
