0 0.3122435020519836 0.8587479935794543 0.09849521203830369 0.21348314606741572
0 0.3645690834473324 0.7118780096308186 0.06087551299589603 0.1508828250401284
0 0.4425444596443228 0.723916532905297 0.08686730506155951 0.20706260032102727
0 0.41484268125854995 0.8948635634028892 0.06429548563611491 0.14125200642054575
0 0.4952120383036936 0.8804173354735152 0.06908344733242135 0.1797752808988764
0 0.5044459644322845 0.5601926163723917 0.1039671682626539 0.24558587479935795
0 0.5420656634746922 0.7504012841091493 0.07113543091655267 0.17014446227929375
0 0.5680574555403557 0.8948635634028892 0.06155950752393981 0.1508828250401284
0 0.5998632010943913 0.666131621187801 0.06087551299589603 0.1492776886035313
0 0.6576607387140903 0.8314606741573034 0.11901504787961696 0.28731942215088285
