0 0.15629274965800274 0.8386837881219904 0.11080711354309165 0.2536115569823435
0 0.23974008207934336 0.8940609951845907 0.06566347469220246 0.14285714285714285
0 0.32729138166894667 0.8603531300160514 0.09165526675786594 0.21669341894060995
0 0.38885088919288646 0.6821829855537721 0.09165526675786594 0.23595505617977527
0 0.4158686730506156 0.8804173354735152 0.07181942544459645 0.17656500802568217
0 0.4743502051983584 0.5634028892455859 0.08618331053351573 0.21990369181380418
0 0.511969904240766 0.7207062600321027 0.06429548563611491 0.14285714285714285
0 0.503077975376197 0.884430176565008 0.07113543091655267 0.17174959871589085
0 0.5697674418604651 0.8932584269662921 0.05950752393980848 0.14446227929373998
0 0.5748974008207934 0.7520064205457464 0.06429548563611491 0.1476725521669342
0 0.658344733242134 0.8330658105939005 0.12175102599179206 0.29373996789727125
