0 0.22332421340629274 0.8362760834670947 0.11764705882352941 0.25842696629213485
0 0.2777017783857729 0.6492776886035313 0.08823529411764706 0.2086677367576244
0 0.35567715458276333 0.5898876404494382 0.0677154582763338 0.17335473515248795
0 0.332421340629275 0.8747993579454254 0.09370725034199727 0.17174959871589085
0 0.38919288645690836 0.7231139646869984 0.05950752393980848 0.1476725521669342
0 0.43980848153214774 0.8651685393258427 0.08823529411764706 0.21348314606741572
0 0.5188098495212038 0.8362760834670947 0.060191518467852256 0.12038523274478331
0 0.5923392612859097 0.7945425361155698 0.05950752393980848 0.14606741573033707
0 0.6638166894664843 0.8691813804173355 0.11901504787961696 0.2086677367576244
0 0.5766073871409029 0.9197431781701445 0.06361149110807114 0.10754414125200643
0 0.759233926128591 0.898876404494382 0.05950752393980848 0.15248796147672553
