0 0.25136798905608754 0.8467094703049759 0.09986320109439124 0.26003210272873195
0 0.3235294117647059 0.6404494382022472 0.11422708618331054 0.2808988764044944
0 0.34986320109439123 0.8587479935794543 0.08755129958960328 0.21990369181380418
0 0.4062927496580027 0.7207062600321027 0.07181942544459645 0.17495987158908508
0 0.4418604651162791 0.5778491171749599 0.06087551299589603 0.15569823434991975
0 0.43091655266757867 0.8828250401284109 0.073187414500684 0.1781701444622793
0 0.49316005471956226 0.7182985553772071 0.08960328317373462 0.22792937399678972
0 0.5020519835841313 0.9020866773675762 0.06361149110807114 0.14285714285714285
0 0.5718194254445964 0.7512038523274478 0.06224350205198358 0.1492776886035313
0 0.5653214774281806 0.8996789727126806 0.060191518467852256 0.1476725521669342
0 0.6627906976744186 0.8402889245585875 0.11696306429548564 0.2825040128410915
