0 0.2554719562243502 0.8475120385232745 0.1012311901504788 0.2552166934189406
0 0.35225718194254446 0.8611556982343499 0.08960328317373462 0.22150882825040127
0 0.43296853625171 0.8860353130016051 0.07455540355677155 0.17495987158908508
0 0.5041039671682627 0.898876404494382 0.06087551299589603 0.13964686998394862
0 0.5181258549931601 0.7544141252006421 0.06292749658002736 0.15569823434991975
0 0.5389876880984952 0.601123595505618 0.0704514363885089 0.17014446227929375
0 0.5817373461012312 0.7536115569823435 0.060191518467852256 0.1476725521669342
0 0.5673734610123119 0.8972712680577849 0.06292749658002736 0.1492776886035313
0 0.6173050615595075 0.5995184590690209 0.08891928864569083 0.20224719101123595
0 0.6617647058823529 0.8426966292134831 0.12038303693570451 0.2808988764044944
0 0.429890560875513 0.6765650080256822 0.11901504787961696 0.2536115569823435
