0 0.399452804377565 0.848314606741573 0.10465116279069768 0.2568218298555377
0 0.46135430916552667 0.6484751203852327 0.1094391244870041 0.26484751203852325
0 0.5437756497948016 0.5240770465489567 0.0704514363885089 0.17014446227929375
0 0.6149110807113544 0.5008025682182986 0.06361149110807114 0.14285714285714285
0 0.5878932968536251 0.658908507223114 0.06976744186046512 0.17014446227929375
0 0.49897400820793436 0.869983948635634 0.08891928864569083 0.2102728731942215
0 0.5714774281805746 0.8130016051364366 0.06155950752393981 0.14125200642054575
0 0.6367989056087552 0.7584269662921348 0.05950752393980848 0.1476725521669342
0 0.6703146374829001 0.5979133226324238 0.09233926128590972 0.19903691813804172
0 0.7188782489740082 0.8370786516853933 0.11696306429548564 0.2825040128410915
0 0.6183310533515732 0.8956661316211878 0.06087551299589603 0.1492776886035313
