0 0.3136114911080711 0.8426966292134831 0.09849521203830369 0.2552166934189406
0 0.4103967168262654 0.8571428571428571 0.08823529411764706 0.21990369181380418
0 0.48700410396716826 0.6773675762439807 0.11833105335157319 0.2552166934189406
0 0.49213406292749656 0.8868378812199037 0.07113543091655267 0.16693418940609953
0 0.5937072503419972 0.5995184590690209 0.07181942544459645 0.16693418940609953
0 0.5745554035567716 0.7520064205457464 0.06224350205198358 0.15409309791332262
0 0.560875512995896 0.8996789727126806 0.06224350205198358 0.14446227929373998
0 0.6374829001367989 0.7495987158908507 0.06087551299589603 0.1492776886035313
0 0.6740766073871409 0.5979133226324238 0.08891928864569083 0.20224719101123595
0 0.7199042407660738 0.8418940609951846 0.11764705882352941 0.27608346709470305
0 0.6241450068399452 0.8996789727126806 0.060191518467852256 0.14125200642054575
