0 0.34062927496580025 0.8491171749598716 0.10875512995896033 0.25842696629213485
0 0.4856361149110807 0.5264847512038523 0.0704514363885089 0.1781701444622793
0 0.5567715458276333 0.5 0.06497948016415869 0.1476725521669342
0 0.4418604651162791 0.8643659711075441 0.09097127222982217 0.21829855537720708
0 0.5294117647058824 0.6573033707865169 0.07181942544459645 0.16693418940609953
0 0.5133378932968536 0.812199036918138 0.058823529411764705 0.14606741573033707
0 0.5796853625170999 0.7544141252006421 0.06429548563611491 0.1492776886035313
0 0.560875512995896 0.898876404494382 0.06497948016415869 0.14606741573033707
0 0.6138850889192886 0.5979133226324238 0.09302325581395349 0.20545746388443017
0 0.6621067031463749 0.8362760834670947 0.11833105335157319 0.28731942215088285
0 0.4042407660738714 0.6460674157303371 0.11285909712722299 0.26324237560192615
