0 0.3703830369357045 0.8595505617977528 0.09575923392612859 0.21829855537720708
0 0.42305061559507523 0.7118780096308186 0.06429548563611491 0.15409309791332262
0 0.5010259917920656 0.723916532905297 0.08755129958960328 0.21348314606741572
0 0.47161422708618334 0.8940609951845907 0.06292749658002736 0.1492776886035313
0 0.5526675786593708 0.8828250401284109 0.0677154582763338 0.1781701444622793
0 0.5632694938440492 0.5634028892455859 0.1012311901504788 0.24237560192616373
0 0.6597127222982216 0.6677367576243981 0.06155950752393981 0.1492776886035313
0 0.5998632010943913 0.7512038523274478 0.07181942544459645 0.1781701444622793
0 0.6258549931600548 0.8964686998394864 0.05950752393980848 0.1476725521669342
0 0.7127222982216143 0.833868378812199 0.11969904240766074 0.2825040128410915
