0 0.20588235294117646 0.8314606741573034 0.10465116279069768 0.2680577849117175
0 0.29035567715458277 0.8756019261637239 0.07113543091655267 0.18619582664526485
0 0.37277701778385774 0.8764044943820225 0.07181942544459645 0.17174959871589085
0 0.4162106703146375 0.7536115569823435 0.058823529411764705 0.1348314606741573
0 0.43946648426812585 0.8924558587479936 0.06155950752393981 0.15890850722311398
0 0.5259917920656635 0.8836276083467095 0.10601915184678523 0.17014446227929375
0 0.551983584131327 0.6813804173354735 0.08960328317373462 0.1926163723916533
0 0.6518467852257182 0.5914927768860353 0.09370725034199727 0.20224719101123595
0 0.6231190150478796 0.7504012841091493 0.06087551299589603 0.15730337078651685
0 0.6145690834473324 0.8956661316211878 0.060191518467852256 0.1492776886035313
0 0.7024623803009576 0.8386837881219904 0.1210670314637483 0.27929373996789725
