0 0.22332421340629274 0.6508828250401284 0.08481532147742818 0.21187800963081863
0 0.2975376196990424 0.5906902086677368 0.06908344733242135 0.16853932584269662
0 0.27428180574555405 0.8756019261637239 0.10191518467852258 0.16051364365971107
0 0.3235294117647059 0.7343499197431782 0.05950752393980848 0.14446227929373998
0 0.3744870041039672 0.6709470304975923 0.06566347469220246 0.14606741573033707
0 0.380984952120383 0.8595505617977528 0.08686730506155951 0.21508828250401285
0 0.43673050615595077 0.7383627608346709 0.060191518467852256 0.14285714285714285
0 0.47024623803009574 0.8852327447833066 0.06839945280437756 0.1797752808988764
0 0.49623803009575923 0.6813804173354735 0.06155950752393981 0.15730337078651685
0 0.5687414500683995 0.8258426966292135 0.11627906976744186 0.2985553772070626
0 0.16347469220246238 0.8402889245585875 0.11559507523939809 0.2504012841091493
