0 0.16279069767441862 0.8370786516853933 0.11149110807113544 0.26324237560192615
0 0.31976744186046513 0.8595505617977528 0.09028727770177838 0.22150882825040127
0 0.4011627906976744 0.8788121990369181 0.07113543091655267 0.17335473515248795
0 0.42920656634746923 0.7383627608346709 0.06429548563611491 0.13964686998394862
0 0.47161422708618334 0.8804173354735152 0.07523939808481532 0.1797752808988764
0 0.49555403556771543 0.7223113964686998 0.06155950752393981 0.15569823434991975
0 0.533515731874145 0.5658105939004815 0.09370725034199727 0.22792937399678972
0 0.5653214774281806 0.7520064205457464 0.06292749658002736 0.1476725521669342
0 0.5574555403556771 0.898876404494382 0.06361149110807114 0.14606741573033707
0 0.6474008207934336 0.8418940609951846 0.12175102599179206 0.27608346709470305
0 0.6316689466484268 0.5738362760834671 0.08618331053351573 0.2086677367576244
