0 0.2240082079343365 0.8370786516853933 0.12175102599179206 0.24719101123595505
0 0.28009575923392616 0.6524879614767255 0.08755129958960328 0.2086677367576244
0 0.35772913816689467 0.5947030497592295 0.06497948016415869 0.16693418940609953
0 0.3806429548563611 0.7367576243980738 0.058823529411764705 0.15248796147672553
0 0.3313953488372093 0.8756019261637239 0.09575923392612859 0.1797752808988764
0 0.4326265389876881 0.6725521669341894 0.06429548563611491 0.1492776886035313
0 0.49555403556771543 0.7383627608346709 0.06292749658002736 0.1492776886035313
0 0.4387824897400821 0.8643659711075441 0.08891928864569083 0.22150882825040127
0 0.5280437756497948 0.884430176565008 0.06908344733242135 0.1781701444622793
0 0.554719562243502 0.6781701444622793 0.06224350205198358 0.15730337078651685
0 0.6241450068399452 0.826645264847512 0.11764705882352941 0.29373996789727125
