0 0.38816689466484267 0.8619582664526485 0.09165526675786594 0.21348314606741572
0 0.45109439124487005 0.6821829855537721 0.1012311901504788 0.22632423756019263
0 0.4688782489740082 0.8812199036918138 0.07250341997264022 0.18138041733547353
0 0.5560875512995896 0.8515248796147673 0.11012311901504789 0.26003210272873195
0 0.6744186046511628 0.848314606741573 0.12243502051983585 0.2696629213483146
0 0.7137482900136799 0.6268057784911717 0.07250341997264022 0.1637239165329053
0 0.762311901504788 0.7552166934189406 0.06566347469220246 0.1508828250401284
0 0.7688098495212038 0.9093097913322632 0.06361149110807114 0.14125200642054575
0 0.7917236662106704 0.6107544141252006 0.060191518467852256 0.1348314606741573
0 0.8300273597811217 0.7873194221508828 0.08755129958960328 0.2247191011235955
0 0.8929548563611491 0.9069020866773676 0.06429548563611491 0.15248796147672553
