0 0.5995212038303693 0.8579454253611557 0.11901504787961696 0.2504012841091493
0 0.7233242134062927 0.8531300160513644 0.12448700410396717 0.26003210272873195
0 0.7513679890560876 0.6484751203852327 0.07113543091655267 0.16853932584269662
0 0.8040355677154583 0.4959871589085072 0.09849521203830369 0.2391653290529695
0 0.887140902872777 0.5377207062600321 0.06087551299589603 0.13643659711075443
0 0.8543091655266758 0.658908507223114 0.06634746922024624 0.1637239165329053
0 0.8095075239398085 0.7640449438202247 0.06292749658002736 0.15248796147672553
0 0.8166894664842681 0.9109149277688604 0.06224350205198358 0.1348314606741573
0 0.8926128590971272 0.8523274478330658 0.08823529411764706 0.23595505617977527
0 0.9442544459644323 0.6717495987158909 0.09302325581395349 0.21187800963081863
0 0.9668262653898769 0.9125200642054575 0.058823529411764705 0.15409309791332262
