0 0.06361149110807114 0.8531300160513644 0.09644322845417237 0.2247191011235955
0 0.12824897400820792 0.7367576243980738 0.06292749658002736 0.13964686998394862
0 0.2110123119015048 0.666131621187801 0.11080711354309165 0.25842696629213485
0 0.2859097127222982 0.5168539325842697 0.06497948016415869 0.1332263242375602
0 0.29411764705882354 0.8491171749598716 0.10191518467852258 0.24879614767255218
0 0.13953488372093023 0.8812199036918138 0.06224350205198358 0.15569823434991975
0 0.2075923392612859 0.8739967897271268 0.07113543091655267 0.17656500802568217
0 0.3789329685362517 0.8780096308186196 0.073187414500684 0.1781701444622793
0 0.4777701778385773 0.8362760834670947 0.11901504787961696 0.28731942215088285
0 0.5889192886456909 0.8667736757624398 0.08960328317373462 0.2102728731942215
