0 0.38679890560875513 0.64446227929374 0.12038303693570451 0.2504012841091493
0 0.3136114911080711 0.8443017656500803 0.09849521203830369 0.2552166934189406
0 0.4107387140902873 0.8571428571428571 0.08891928864569083 0.21669341894060995
0 0.4729822161422709 0.7263242375601926 0.07113543091655267 0.17656500802568217
0 0.5023939808481532 0.8804173354735152 0.06976744186046512 0.17335473515248795
0 0.6426128590971272 0.9012841091492777 0.058823529411764705 0.14125200642054575
0 0.7349521203830369 0.8459069020866774 0.12448700410396717 0.27768860353130015
0 0.7903556771545828 0.6701444622792937 0.058823529411764705 0.14446227929373998
0 0.8611491108071135 0.7343499197431782 0.08823529411764706 0.21187800963081863
0 0.8327633378932968 0.913322632423756 0.06292749658002736 0.13643659711075443
0 0.9021887824897401 0.9093097913322632 0.06087551299589603 0.1637239165329053
