0 0.12243502051983585 0.8523274478330658 0.09507523939808482 0.22632423756019263
0 0.18433652530779754 0.7375601926163724 0.06155950752393981 0.14125200642054575
0 0.2670998632010944 0.6621187800963082 0.1121751025991792 0.26003210272873195
0 0.1966484268125855 0.8828250401284109 0.06292749658002736 0.1492776886035313
0 0.2650478796169631 0.8788121990369181 0.07523939808481532 0.17335473515248795
0 0.35259917920656636 0.8475120385232745 0.1039671682626539 0.24558587479935795
0 0.43673050615595077 0.8812199036918138 0.07523939808481532 0.17174959871589085
0 0.5318057455540356 0.8378812199036918 0.12311901504787962 0.29052969502407705
0 0.6450068399452804 0.8675762439807384 0.09644322845417237 0.21508828250401285
0 0.3396032831737346 0.514446227929374 0.06566347469220246 0.1348314606741573
0 0.35704514363885087 0.6508828250401284 0.05950752393980848 0.13162118780096307
