0 0.5400136798905609 0.8579454253611557 0.11901504787961696 0.26003210272873195
0 0.6634746922024624 0.8507223113964687 0.12517099863201095 0.26484751203852325
0 0.6949384404924761 0.6484751203852327 0.0677154582763338 0.16211878009630817
0 0.7486320109439124 0.4959871589085072 0.09986320109439124 0.2391653290529695
0 0.7503419972640218 0.7632423756019262 0.06224350205198358 0.15409309791332262
0 0.7606019151846786 0.9052969502407705 0.06087551299589603 0.14285714285714285
0 0.835499316005472 0.8507223113964687 0.09028727770177838 0.2391653290529695
0 0.7992476060191519 0.6573033707865169 0.06839945280437756 0.16693418940609953
0 0.8317373461012312 0.5280898876404494 0.06087551299589603 0.13643659711075443
0 0.8888508891928865 0.6725521669341894 0.09028727770177838 0.2102728731942215
0 0.9093707250341997 0.9101123595505618 0.060191518467852256 0.15569823434991975
