0 0.25718194254445964 0.8467094703049759 0.10191518467852258 0.2568218298555377
0 0.32609439124487005 0.6436597110754414 0.12004103967168263 0.2520064205457464
0 0.41450068399452805 0.7279293739967897 0.07181942544459645 0.1637239165329053
0 0.35294117647058826 0.8571428571428571 0.08823529411764706 0.21669341894060995
0 0.4425444596443228 0.8812199036918138 0.0704514363885089 0.18138041733547353
0 0.5844733242134063 0.9004815409309791 0.060191518467852256 0.14606741573033707
0 0.6774965800273598 0.8443017656500803 0.12311901504787962 0.27447833065810595
0 0.7339261285909713 0.6741573033707865 0.06224350205198358 0.14606741573033707
0 0.7753077975376197 0.9093097913322632 0.06566347469220246 0.14125200642054575
0 0.8030095759233926 0.7383627608346709 0.08960328317373462 0.21669341894060995
0 0.8437072503419972 0.913322632423756 0.06429548563611491 0.15569823434991975
