0 0.3016415868673051 0.8443017656500803 0.09781121751025992 0.2520064205457464
0 0.37209302325581395 0.6436597110754414 0.11969904240766074 0.2712680577849117
0 0.46203830369357046 0.46869983948635635 0.11901504787961696 0.27768860353130015
0 0.4018467852257182 0.862760834670947 0.08755129958960328 0.21508828250401285
0 0.457250341997264 0.7271268057784912 0.07250341997264022 0.17174959871589085
0 0.5153898768809849 0.6396468699839486 0.06155950752393981 0.14125200642054575
0 0.6176470588235294 0.7407704654895666 0.09507523939808482 0.2086677367576244
0 0.484610123119015 0.884430176565008 0.07113543091655267 0.17495987158908508
0 0.5379616963064295 0.7800963081861958 0.060191518467852256 0.15248796147672553
0 0.5697674418604651 0.9020866773675762 0.06087551299589603 0.1492776886035313
0 0.6484268125854993 0.9012841091492777 0.06497948016415869 0.14125200642054575
