0 0.12277701778385773 0.8499197431781701 0.09165526675786594 0.22792937399678972
0 0.20075239398084815 0.8105939004815409 0.06429548563611491 0.15569823434991975
0 0.25273597811217513 0.8860353130016051 0.06155950752393981 0.15248796147672553
0 0.32147742818057456 0.877207062600321 0.07181942544459645 0.1797752808988764
0 0.4107387140902873 0.8515248796147673 0.1039671682626539 0.2504012841091493
0 0.4832421340629275 0.6685393258426966 0.1094391244870041 0.2568218298555377
0 0.563953488372093 0.6115569823434992 0.06155950752393981 0.14285714285714285
0 0.5006839945280438 0.8828250401284109 0.073187414500684 0.17495987158908508
0 0.5961012311901505 0.8250401284109149 0.11354309165526676 0.30337078651685395
0 0.7069083447332422 0.8691813804173355 0.09712722298221614 0.22792937399678972
0 0.8225034199726402 0.9117174959871589 0.06703146374829001 0.14606741573033707
