0 0.4442544459644323 0.862760834670947 0.09302325581395349 0.21829855537720708
0 0.5095759233926128 0.6789727126805778 0.10054719562243503 0.2391653290529695
0 0.5256497948016415 0.884430176565008 0.06976744186046512 0.18138041733547353
0 0.6152530779753762 0.8547351524879615 0.11080711354309165 0.26003210272873195
0 0.7322161422708618 0.8451043338683788 0.12175102599179206 0.27287319422150885
0 0.7705198358413132 0.6316211878009631 0.07387140902872777 0.17335473515248795
0 0.820109439124487 0.7552166934189406 0.06087551299589603 0.1508828250401284
0 0.8252393980848153 0.9077046548956661 0.06566347469220246 0.14446227929373998
0 0.8484952120383037 0.6131621187800963 0.06292749658002736 0.13964686998394862
0 0.884404924760602 0.7849117174959872 0.08413132694938441 0.23274478330658105
0 0.9514363885088919 0.9101123595505618 0.06361149110807114 0.15890850722311398
