0 0.2612859097127223 0.8571428571428571 0.09097127222982217 0.22632423756019263
0 0.359781121751026 0.8242375601926164 0.10328317373461013 0.24719101123595505
0 0.4428864569083447 0.8828250401284109 0.07250341997264022 0.17495987158908508
0 0.472640218878249 0.7359550561797753 0.06361149110807114 0.14125200642054575
0 0.5369357045143639 0.8587479935794543 0.10601915184678523 0.2520064205457464
0 0.5957592339261286 0.6853932584269663 0.0677154582763338 0.16853932584269662
0 0.6638166894664843 0.8459069020866774 0.12448700410396717 0.2712680577849117
0 0.7506839945280438 0.7664526484751204 0.058823529411764705 0.14446227929373998
0 0.7537619699042407 0.906099518459069 0.06224350205198358 0.13804173354735153
0 0.8296853625170999 0.8723916532905297 0.08960328317373462 0.22792937399678972
0 0.9080027359781122 0.9125200642054575 0.06292749658002736 0.15730337078651685
