0 0.06429548563611491 0.8507223113964687 0.09370725034199727 0.22632423756019263
0 0.14398084815321477 0.8138041733547352 0.06566347469220246 0.16211878009630817
0 0.19425444596443228 0.8892455858747994 0.06224350205198358 0.1492776886035313
0 0.2640218878248974 0.877207062600321 0.0704514363885089 0.18298555377207062
0 0.35157318741450067 0.8523274478330658 0.10328317373461013 0.26163723916532905
0 0.4264705882352941 0.6685393258426966 0.10807113543091655 0.2536115569823435
0 0.4428864569083447 0.8836276083467095 0.07387140902872777 0.17656500802568217
0 0.5071819425444597 0.6107544141252006 0.06155950752393981 0.1348314606741573
0 0.5383036935704515 0.8242375601926164 0.11422708618331054 0.3146067415730337
0 0.6453488372093024 0.8675762439807384 0.09849521203830369 0.22792937399678972
0 0.7636798905608755 0.913322632423756 0.06566347469220246 0.1492776886035313
