0 0.4832421340629275 0.8459069020866774 0.106703146374829 0.2552166934189406
0 0.5444596443228454 0.6653290529695024 0.0677154582763338 0.17335473515248795
0 0.658344733242134 0.6974317817014446 0.06839945280437756 0.17014446227929375
0 0.5981532147742818 0.8563402889245586 0.12038303693570451 0.26003210272873195
0 0.7140902872777017 0.6284109149277689 0.052667578659370724 0.1508828250401284
0 0.7205882352941176 0.8515248796147673 0.12585499316005472 0.26324237560192615
0 0.8067715458276333 0.7648475120385233 0.06292749658002736 0.1476725521669342
0 0.8119015047879617 0.9101123595505618 0.05813953488372093 0.14285714285714285
0 0.865595075239398 0.6540930979133226 0.08344733242134063 0.2086677367576244
0 0.8881668946648427 0.8731942215088283 0.08755129958960328 0.22953451043338685
0 0.9668262653898769 0.9093097913322632 0.06155950752393981 0.16051364365971107
