0 0.24247606019151846 0.8426966292134831 0.09712722298221614 0.25842696629213485
0 0.4049247606019152 0.4695024077046549 0.11969904240766074 0.27929373996789725
0 0.40013679890560877 0.7207062600321027 0.07181942544459645 0.17174959871589085
0 0.3426812585499316 0.8571428571428571 0.08823529411764706 0.22632423756019263
0 0.457250341997264 0.6412520064205457 0.06429548563611491 0.1508828250401284
0 0.42818057455540354 0.8852327447833066 0.0704514363885089 0.17656500802568217
0 0.4801641586867305 0.7825040128410915 0.06087551299589603 0.1476725521669342
0 0.5136798905608755 0.9020866773675762 0.06087551299589603 0.14606741573033707
0 0.5581395348837209 0.7359550561797753 0.09507523939808482 0.21829855537720708
0 0.5909712722298222 0.8948635634028892 0.06361149110807114 0.1508828250401284
0 0.31600547195622436 0.6468699839486356 0.12243502051983585 0.2520064205457464
