0 0.3806429548563611 0.6460674157303371 0.11901504787961696 0.2664526484751204
0 0.3088235294117647 0.8507223113964687 0.09439124487004104 0.24879614767255218
0 0.4069767441860465 0.85553772070626 0.08549931600547196 0.21669341894060995
0 0.46682626538987687 0.723916532905297 0.06839945280437756 0.18138041733547353
0 0.5574555403556771 0.7271268057784912 0.08686730506155951 0.2102728731942215
0 0.4952120383036936 0.884430176565008 0.073187414500684 0.1653290529695024
0 0.5772913816689467 0.8972712680577849 0.05813953488372093 0.15569823434991975
0 0.6439808481532148 0.9036918138041734 0.06155950752393981 0.14606741573033707
0 0.7404240766073872 0.8491171749598716 0.12175102599179206 0.26484751203852325
0 0.8313953488372093 0.9028892455858748 0.057455540355677154 0.1476725521669342
0 0.8974008207934336 0.9085072231139647 0.06087551299589603 0.15248796147672553
