0 0.5499316005471956 0.8507223113964687 0.11969904240766074 0.26163723916532905
0 0.5991792065663475 0.6436597110754414 0.10465116279069768 0.24879614767255218
0 0.6713406292749658 0.8507223113964687 0.12311901504787962 0.27768860353130015
0 0.7602599179206566 0.7632423756019262 0.06429548563611491 0.1476725521669342
0 0.6614227086183311 0.48314606741573035 0.08823529411764706 0.20385232744783308
0 0.7431600547195623 0.49518459069020865 0.06976744186046512 0.17014446227929375
0 0.7089603283173734 0.6436597110754414 0.07113543091655267 0.1653290529695024
0 0.7917236662106704 0.615569823434992 0.058823529411764705 0.14125200642054575
0 0.7732558139534884 0.9077046548956661 0.06292749658002736 0.14446227929373998
0 0.8303693570451436 0.7841091492776886 0.08549931600547196 0.22792937399678972
0 0.8950068399452804 0.9093097913322632 0.06155950752393981 0.16051364365971107
