0 0.4256155950752394 0.848314606741573 0.10567715458276333 0.26003210272873195
0 0.4849521203830369 0.6653290529695024 0.0677154582763338 0.16693418940609953
0 0.5400136798905609 0.8563402889245586 0.12038303693570451 0.26003210272873195
0 0.5995212038303693 0.6982343499197432 0.07113543091655267 0.17174959871589085
0 0.655266757865937 0.6292134831460674 0.05950752393980848 0.14606741573033707
0 0.6627906976744186 0.8451043338683788 0.1265389876880985 0.27929373996789725
0 0.7506839945280438 0.7656500802568218 0.06292749658002736 0.15569823434991975
0 0.7527359781121751 0.9085072231139647 0.058823529411764705 0.14606741573033707
0 0.8307113543091655 0.8723916532905297 0.09028727770177838 0.23113964686998395
0 0.8088235294117647 0.6540930979133226 0.09028727770177838 0.21187800963081863
0 0.9080027359781122 0.9117174959871589 0.060191518467852256 0.1492776886035313
