0 0.32045143638850887 0.8571428571428571 0.08891928864569083 0.2231139646869984
0 0.41894664842681256 0.8370786516853933 0.10259917920656635 0.2696629213483146
0 0.5006839945280438 0.8836276083467095 0.0704514363885089 0.17335473515248795
0 0.5300957592339262 0.7359550561797753 0.05950752393980848 0.1476725521669342
0 0.5954172366621067 0.8539325842696629 0.106703146374829 0.2520064205457464
0 0.6521887824897401 0.6829855537720706 0.07250341997264022 0.16693418940609953
0 0.7205882352941176 0.8491171749598716 0.12722298221614228 0.26163723916532905
0 0.8077975376196991 0.7696629213483146 0.05540355677154583 0.14125200642054575
0 0.8101915184678523 0.9077046548956661 0.058823529411764705 0.13804173354735153
0 0.8878248974008208 0.8675762439807384 0.08686730506155951 0.23434991974317818
0 0.9675102599179206 0.9117174959871589 0.057455540355677154 0.15569823434991975
