0 0.6080711354309165 0.8523274478330658 0.11696306429548564 0.26163723916532905
0 0.655608755129959 0.6440609951845907 0.10533515731874145 0.2447833065810594
0 0.7175102599179206 0.48314606741573035 0.08960328317373462 0.19743178170144463
0 0.8009575923392613 0.49518459069020865 0.07181942544459645 0.16051364365971107
0 0.7281121751025992 0.8499197431781701 0.12448700410396717 0.2696629213483146
0 0.7653898768809849 0.6436597110754414 0.0704514363885089 0.16853932584269662
0 0.8488372093023255 0.6171749598715891 0.06087551299589603 0.13804173354735153
0 0.8183994528043775 0.7616372391653291 0.06155950752393981 0.14446227929373998
0 0.887140902872777 0.7849117174959872 0.08549931600547196 0.2231139646869984
0 0.8313953488372093 0.9101123595505618 0.06566347469220246 0.1492776886035313
0 0.9538303693570451 0.9125200642054575 0.06703146374829001 0.15409309791332262
