0 0.06566347469220246 0.85553772070626 0.09370725034199727 0.21990369181380418
0 0.08139534883720931 0.5947030497592295 0.11012311901504789 0.2953451043338684
0 0.14192886456908343 0.7656500802568218 0.060191518467852256 0.15248796147672553
0 0.17373461012311903 0.8876404494382022 0.06224350205198358 0.15569823434991975
0 0.19596443228454172 0.6556982343499197 0.06839945280437756 0.17014446227929375
0 0.24589603283173733 0.819422150882825 0.09575923392612859 0.21187800963081863
0 0.33002735978112174 0.8820224719101124 0.07523939808481532 0.17335473515248795
0 0.3679890560875513 0.6749598715890851 0.10601915184678523 0.26324237560192615
0 0.43946648426812585 0.848314606741573 0.1012311901504788 0.26003210272873195
0 0.5235978112175103 0.9004815409309791 0.06703146374829001 0.1492776886035313
0 0.6169630642954856 0.9044943820224719 0.06361149110807114 0.14446227929373998
