0 0.5482216142270862 0.8571428571428571 0.1121751025991792 0.2520064205457464
0 0.5978112175102599 0.6749598715890851 0.06087551299589603 0.13804173354735153
0 0.664500683994528 0.841091492776886 0.12311901504787962 0.27768860353130015
0 0.7886456908344733 0.9093097913322632 0.06634746922024624 0.14446227929373998
0 0.8132694938440492 0.7704654895666132 0.06497948016415869 0.14606741573033707
0 0.826265389876881 0.5922953451043339 0.09781121751025992 0.20706260032102727
0 0.8594391244870041 0.4373996789727127 0.07113543091655267 0.1508828250401284
0 0.8809849521203831 0.7552166934189406 0.07181942544459645 0.17335473515248795
0 0.865595075239398 0.9077046548956661 0.060191518467852256 0.1476725521669342
0 0.9428864569083447 0.8780096308186196 0.09302325581395349 0.21348314606741572
0 0.936046511627907 0.5634028892455859 0.1039671682626539 0.21669341894060995
