0 0.7014363885088919 0.5024077046548957 0.07387140902872777 0.15569823434991975
0 0.6446648426812586 0.6171749598715891 0.09028727770177838 0.21187800963081863
0 0.6082421340629275 0.848314606741573 0.10567715458276333 0.26003210272873195
0 0.7363201094391245 0.7279293739967897 0.10533515731874145 0.3017656500802568
0 0.6959644322845417 0.9012841091492777 0.05471956224350205 0.15409309791332262
0 0.81703146374829 0.5698234349919743 0.09302325581395349 0.22953451043338685
0 0.826265389876881 0.7616372391653291 0.06361149110807114 0.1476725521669342
0 0.8054035567715458 0.9085072231139647 0.06839945280437756 0.14606741573033707
0 0.8912448700410397 0.7295345104333868 0.073187414500684 0.17656500802568217
0 0.8673050615595075 0.9069020866773676 0.06087551299589603 0.15890850722311398
0 0.9442544459644323 0.8796147672552167 0.09302325581395349 0.2102728731942215
