0 0.1374829001367989 0.5955056179775281 0.10875512995896033 0.3001605136436597
0 0.25444596443228457 0.6548956661316212 0.06908344733242135 0.17174959871589085
0 0.2024623803009576 0.7648475120385233 0.06497948016415869 0.1508828250401284
0 0.12414500683994528 0.8539325842696629 0.09439124487004104 0.21990369181380418
0 0.23153214774281805 0.8924558587479936 0.06292749658002736 0.14606741573033707
0 0.30471956224350205 0.8162118780096308 0.09986320109439124 0.21187800963081863
0 0.42476060191518467 0.6757624398073836 0.10738714090287278 0.26163723916532905
0 0.38885088919288646 0.8828250401284109 0.07250341997264022 0.17174959871589085
0 0.49726402188782487 0.8515248796147673 0.09917920656634747 0.2375601926163724
0 0.5827633378932968 0.9004815409309791 0.06634746922024624 0.14606741573033707
0 0.673734610123119 0.906099518459069 0.06361149110807114 0.13804173354735153
