0 0.12243502051983585 0.8507223113964687 0.09370725034199727 0.21990369181380418
0 0.1853625170998632 0.7351524879614767 0.06224350205198358 0.14606741573033707
0 0.19870041039671682 0.8892455858747994 0.06292749658002736 0.15890850722311398
0 0.2660738714090287 0.6605136436597111 0.11012311901504789 0.26324237560192615
0 0.26367989056087554 0.8764044943820225 0.07250341997264022 0.17174959871589085
0 0.3392612859097127 0.5104333868378812 0.06361149110807114 0.1332263242375602
0 0.35499316005471954 0.6484751203852327 0.06224350205198358 0.1332263242375602
0 0.3543091655266758 0.8426966292134831 0.10054719562243503 0.24237560192616373
0 0.43980848153214774 0.6460674157303371 0.10875512995896033 0.2953451043338684
0 0.4374145006839945 0.8836276083467095 0.07113543091655267 0.16693418940609953
0 0.5218878248974008 0.8715890850722311 0.09233926128590972 0.2102728731942215
