0 0.20109439124487005 0.7439807383627608 0.0704514363885089 0.16693418940609953
0 0.1713406292749658 0.8860353130016051 0.06155950752393981 0.15569823434991975
0 0.27975376196990426 0.8595505617977528 0.09781121751025992 0.21829855537720708
0 0.3392612859097127 0.6452648475120385 0.10875512995896033 0.2969502407704655
0 0.36354309165526677 0.877207062600321 0.07250341997264022 0.1797752808988764
0 0.4466484268125855 0.848314606741573 0.09781121751025992 0.2504012841091493
0 0.5495896032831737 0.7937399678972713 0.1039671682626539 0.2857142857142857
0 0.6132010943912448 0.8996789727126806 0.057455540355677154 0.14446227929373998
0 0.6969904240766074 0.7688603531300161 0.05677154582763338 0.1492776886035313
0 0.6751025991792066 0.9004815409309791 0.06087551299589603 0.1492776886035313
0 0.7599179206566348 0.8715890850722311 0.08823529411764706 0.2102728731942215
