0 0.39466484268125857 0.6436597110754414 0.10875512995896033 0.29373996789727125
0 0.259233926128591 0.7431781701444623 0.07181942544459645 0.17174959871589085
0 0.23050615595075238 0.8884430176565008 0.06497948016415869 0.1476725521669342
0 0.3368673050615595 0.8571428571428571 0.09575923392612859 0.2231139646869984
0 0.4213406292749658 0.8812199036918138 0.07181942544459645 0.17174959871589085
0 0.5051299589603283 0.8531300160513644 0.09986320109439124 0.24077046548956663
0 0.606703146374829 0.7961476725521669 0.10601915184678523 0.2841091492776886
0 0.6703146374829001 0.9020866773675762 0.05950752393980848 0.14285714285714285
0 0.7325581395348837 0.9044943820224719 0.05950752393980848 0.1476725521669342
0 0.7537619699042407 0.7680577849117175 0.05813953488372093 0.15409309791332262
0 0.81703146374829 0.8747993579454254 0.08618331053351573 0.21348314606741572
