0 0.3956908344733242 0.8531300160513644 0.09575923392612859 0.24077046548956663
0 0.4688782489740082 0.71669341894061 0.06566347469220246 0.16693418940609953
0 0.5512995896032832 0.8507223113964687 0.10807113543091655 0.24879614767255218
0 0.5902872777017784 0.622792937399679 0.09097127222982217 0.20706260032102727
0 0.5160738714090287 0.6131621187800963 0.060191518467852256 0.15569823434991975
0 0.6484268125854993 0.4911717495987159 0.07181942544459645 0.15569823434991975
0 0.6863885088919288 0.7182985553772071 0.10807113543091655 0.2953451043338684
0 0.6480848153214774 0.9028892455858748 0.060191518467852256 0.14446227929373998
0 0.7541039671682627 0.906099518459069 0.06292749658002736 0.14125200642054575
0 0.8064295485636115 0.8378812199036918 0.06224350205198358 0.14285714285714285
0 0.8857729138166894 0.877207062600321 0.09644322845417237 0.2086677367576244
