0 0.16484268125854992 0.8884430176565008 0.06087551299589603 0.1476725521669342
0 0.18433652530779754 0.7359550561797753 0.07113543091655267 0.1637239165329053
0 0.26812585499316005 0.6067415730337079 0.11696306429548564 0.29373996789727125
0 0.24623803009575923 0.8571428571428571 0.09644322845417237 0.21990369181380418
0 0.29309165526675784 0.37319422150882825 0.08755129958960328 0.20545746388443017
0 0.34199726402188785 0.5 0.05950752393980848 0.1348314606741573
0 0.37722298221614226 0.6717495987158909 0.09986320109439124 0.26324237560192615
0 0.3396032831737346 0.884430176565008 0.07250341997264022 0.17495987158908508
0 0.4497264021887825 0.8499197431781701 0.09575923392612859 0.24077046548956663
0 0.43673050615595077 0.5160513643659711 0.05471956224350205 0.13804173354735153
0 0.4606703146374829 0.6380417335473515 0.06703146374829001 0.14125200642054575
