0 0.3488372093023256 0.37640449438202245 0.08549931600547196 0.20545746388443017
0 0.32523939808481533 0.6075441412520064 0.11627906976744186 0.29213483146067415
0 0.2414500683994528 0.7343499197431782 0.0704514363885089 0.17014446227929375
0 0.22366621067031464 0.8860353130016051 0.06224350205198358 0.1492776886035313
0 0.30506155950752395 0.8587479935794543 0.09644322845417237 0.21348314606741572
0 0.3960328317373461 0.8804173354735152 0.073187414500684 0.17335473515248795
0 0.39808481532147744 0.5 0.06361149110807114 0.14125200642054575
0 0.49213406292749656 0.5192616372391653 0.057455540355677154 0.14446227929373998
0 0.5177838577291382 0.6420545746388443 0.06497948016415869 0.14285714285714285
0 0.4319425444596443 0.6749598715890851 0.10259917920656635 0.26003210272873195
0 0.5058139534883721 0.8531300160513644 0.09986320109439124 0.2375601926163724
