0 0.5492476060191519 0.8539325842696629 0.10738714090287278 0.2520064205457464
0 0.5885772913816689 0.6139646869983949 0.08891928864569083 0.21187800963081863
0 0.6467168262653898 0.5056179775280899 0.06976744186046512 0.16211878009630817
0 0.6778385772913816 0.7255216693418941 0.10738714090287278 0.3001605136436597
0 0.6391928864569083 0.8996789727126806 0.057455540355677154 0.13804173354735153
0 0.7482900136798906 0.9077046548956661 0.06087551299589603 0.1508828250401284
0 0.7595759233926128 0.57223113964687 0.09165526675786594 0.2247191011235955
0 0.7691518467852257 0.7584269662921348 0.06292749658002736 0.1508828250401284
0 0.8337893296853626 0.7295345104333868 0.07181942544459645 0.17014446227929375
0 0.811217510259918 0.906099518459069 0.06087551299589603 0.1476725521669342
0 0.8864569083447332 0.8796147672552167 0.09233926128590972 0.21990369181380418
