0 0.06361149110807114 0.8539325842696629 0.09233926128590972 0.21990369181380418
0 0.12756497948016415 0.7319422150882825 0.06703146374829001 0.14285714285714285
0 0.13885088919288646 0.8852327447833066 0.06087551299589603 0.16051364365971107
0 0.2082763337893297 0.6637239165329053 0.11354309165526676 0.26324237560192615
0 0.20588235294117646 0.8796147672552167 0.07729138166894665 0.17174959871589085
0 0.295827633378933 0.8507223113964687 0.09986320109439124 0.2520064205457464
0 0.29924760601915185 0.6476725521669342 0.06155950752393981 0.13804173354735153
0 0.2814637482900137 0.5112359550561798 0.06292749658002736 0.13804173354735153
0 0.380984952120383 0.8836276083467095 0.07455540355677155 0.17335473515248795
0 0.38372093023255816 0.6436597110754414 0.11833105335157319 0.29373996789727125
0 0.4640902872777018 0.8675762439807384 0.09302325581395349 0.21829855537720708
