0 0.45554035567715456 0.8499197431781701 0.09644322845417237 0.24077046548956663
0 0.5246238030095759 0.7174959871589085 0.06908344733242135 0.17174959871589085
0 0.5738714090287278 0.615569823434992 0.06087551299589603 0.1508828250401284
0 0.6477428180574556 0.622792937399679 0.09233926128590972 0.20706260032102727
0 0.6087551299589603 0.8531300160513644 0.10601915184678523 0.2536115569823435
0 0.7031463748290013 0.4943820224719101 0.073187414500684 0.15890850722311398
0 0.7428180574555403 0.7207062600321027 0.10875512995896033 0.29373996789727125
0 0.7058823529411765 0.9020866773675762 0.05540355677154583 0.14606741573033707
0 0.8115595075239398 0.9101123595505618 0.06703146374829001 0.14285714285714285
0 0.862859097127223 0.8434991974317817 0.06155950752393981 0.1476725521669342
0 0.9422024623803009 0.8804173354735152 0.09575923392612859 0.21187800963081863
