0 0.11696306429548564 0.8531300160513644 0.09644322845417237 0.22792937399678972
0 0.22298221614227087 0.8892455858747994 0.06497948016415869 0.1492776886035313
0 0.2414500683994528 0.7335473515248796 0.07181942544459645 0.17174959871589085
0 0.30540355677154585 0.8571428571428571 0.09712722298221614 0.21990369181380418
0 0.3987688098495212 0.8804173354735152 0.073187414500684 0.17335473515248795
0 0.32455540355677154 0.6067415730337079 0.11627906976744186 0.29373996789727125
0 0.3960328317373461 0.49518459069020865 0.06361149110807114 0.14125200642054575
0 0.4333105335157319 0.6749598715890851 0.10259917920656635 0.26324237560192615
0 0.5044459644322845 0.8515248796147673 0.09986320109439124 0.24077046548956663
0 0.5861833105335157 0.9004815409309791 0.06634746922024624 0.14606741573033707
0 0.6730506155950753 0.9052969502407705 0.06497948016415869 0.13964686998394862
