0 0.2660738714090287 0.8860353130016051 0.06634746922024624 0.16211878009630817
0 0.3696990424076607 0.7030497592295345 0.09439124487004104 0.2102728731942215
0 0.3426812585499316 0.8788121990369181 0.07181942544459645 0.17335473515248795
0 0.44596443228454175 0.8507223113964687 0.10054719562243503 0.24237560192616373
0 0.5102599179206566 0.6757624398073836 0.06908344733242135 0.16853932584269662
0 0.5666894664842681 0.8595505617977528 0.11354309165526676 0.2568218298555377
0 0.6528727770177839 0.9044943820224719 0.057455540355677154 0.14446227929373998
0 0.689124487004104 0.7199036918138042 0.11080711354309165 0.3017656500802568
0 0.7541039671682627 0.9093097913322632 0.06429548563611491 0.14125200642054575
0 0.804719562243502 0.8394863563402889 0.060191518467852256 0.13964686998394862
0 0.8850889192886456 0.8780096308186196 0.09370725034199727 0.21669341894060995
