0 0.42510259917920656 0.702247191011236 0.09302325581395349 0.21187800963081863
0 0.32421340629274964 0.8924558587479936 0.06361149110807114 0.15248796147672553
0 0.4008207934336525 0.8820224719101124 0.0704514363885089 0.17014446227929375
0 0.503077975376197 0.8499197431781701 0.09712722298221614 0.24719101123595505
0 0.5666894664842681 0.6789727126805778 0.06429548563611491 0.16211878009630817
0 0.6241450068399452 0.8579454253611557 0.11080711354309165 0.2568218298555377
0 0.7472640218878249 0.7174959871589085 0.106703146374829 0.30337078651685395
0 0.7082763337893296 0.9052969502407705 0.0560875512995896 0.14285714285714285
0 0.810875512995896 0.9077046548956661 0.06566347469220246 0.1476725521669342
0 0.8618331053351573 0.8402889245585875 0.06634746922024624 0.14125200642054575
0 0.9428864569083447 0.8780096308186196 0.09439124487004104 0.21348314606741572
