0 0.056429548563611494 0.8539325842696629 0.09575923392612859 0.22632423756019263
0 0.16484268125854992 0.8884430176565008 0.06497948016415869 0.13804173354735153
0 0.18399452804377564 0.7359550561797753 0.073187414500684 0.17335473515248795
0 0.26915184678522575 0.6027287319422151 0.11354309165526676 0.28892455858747995
0 0.3392612859097127 0.4967897271268058 0.05677154582763338 0.14125200642054575
0 0.24658002735978113 0.8571428571428571 0.09439124487004104 0.21990369181380418
0 0.3789329685362517 0.6709470304975923 0.10328317373461013 0.26163723916532905
0 0.3399452804377565 0.8796147672552167 0.0704514363885089 0.1781701444622793
0 0.44562243502051985 0.8499197431781701 0.09986320109439124 0.24719101123595505
0 0.5290697674418605 0.8996789727126806 0.06703146374829001 0.14446227929373998
0 0.61593707250342 0.9028892455858748 0.06292749658002736 0.14446227929373998
