0 0.13987688098495213 0.5353130016051364 0.12175102599179206 0.3017656500802568
0 0.24110807113543092 0.4478330658105939 0.09439124487004104 0.2102728731942215
0 0.18946648426812585 0.7431781701444623 0.0677154582763338 0.1492776886035313
0 0.12448700410396717 0.8547351524879615 0.09370725034199727 0.21508828250401285
0 0.20348837209302326 0.8852327447833066 0.06292749658002736 0.15409309791332262
0 0.2722298221614227 0.8788121990369181 0.0704514363885089 0.16693418940609953
0 0.27393980848153215 0.6677367576243981 0.11354309165526676 0.24879614767255218
0 0.3433652530779754 0.5481540930979133 0.06361149110807114 0.1508828250401284
0 0.3283173734610123 0.39807383627608345 0.07181942544459645 0.15569823434991975
0 0.3799589603283174 0.6548956661316212 0.060191518467852256 0.13643659711075443
0 0.3625170998632011 0.8531300160513644 0.10191518467852258 0.23434991974317818
