0 0.4914500683994528 0.8571428571428571 0.1121751025991792 0.24558587479935795
0 0.5406976744186046 0.6773675762439807 0.060191518467852256 0.13964686998394862
0 0.6063611491108071 0.8394863563402889 0.12585499316005472 0.27447833065810595
0 0.728796169630643 0.906099518459069 0.06566347469220246 0.1508828250401284
0 0.7582079343365253 0.7672552166934189 0.060191518467852256 0.14606741573033707
0 0.7705198358413132 0.5914927768860353 0.09712722298221614 0.20224719101123595
0 0.804719562243502 0.434991974317817 0.06839945280437756 0.1492776886035313
0 0.8761969904240766 0.5642054574638844 0.09917920656634747 0.22150882825040127
0 0.8245554035567716 0.7536115569823435 0.07113543091655267 0.17335473515248795
0 0.8095075239398085 0.9101123595505618 0.058823529411764705 0.14606741573033707
0 0.8850889192886456 0.8788121990369181 0.08823529411764706 0.22150882825040127
