0 0.06600547195622435 0.8515248796147673 0.09439124487004104 0.22150882825040127
0 0.08276333789329686 0.5329052969502408 0.11969904240766074 0.3001605136436597
0 0.18604651162790697 0.44301765650080255 0.09917920656634747 0.19743178170144463
0 0.13303693570451436 0.7375601926163724 0.06703146374829001 0.15730337078651685
0 0.14500683994528044 0.8820224719101124 0.06224350205198358 0.15730337078651685
0 0.2130642954856361 0.8788121990369181 0.07523939808481532 0.17014446227929375
0 0.21751025991792067 0.666131621187801 0.11559507523939809 0.24879614767255218
0 0.286593707250342 0.5465489566613162 0.06361149110807114 0.14125200642054575
0 0.2725718194254446 0.3972712680577849 0.06703146374829001 0.15409309791332262
0 0.32421340629274964 0.6573033707865169 0.06087551299589603 0.1348314606741573
0 0.3036935704514364 0.8531300160513644 0.10328317373461013 0.24719101123595505
