0 0.29411764705882354 0.833868378812199 0.1265389876880985 0.27287319422150885
0 0.39979480164158687 0.8611556982343499 0.09028727770177838 0.21829855537720708
0 0.6017441860465116 0.8595505617977528 0.11320109439124487 0.2568218298555377
0 0.6412448700410397 0.6179775280898876 0.09302325581395349 0.22953451043338685
0 0.7311901504787962 0.6645264847512039 0.06908344733242135 0.17174959871589085
0 0.6812585499316005 0.7752808988764045 0.05950752393980848 0.1492776886035313
0 0.7127222982216143 0.906099518459069 0.06634746922024624 0.1476725521669342
0 0.7633378932968536 0.8033707865168539 0.06497948016415869 0.15409309791332262
0 0.8252393980848153 0.7544141252006421 0.07250341997264022 0.18459069020866772
0 0.8095075239398085 0.906099518459069 0.06292749658002736 0.1508828250401284
0 0.8891928864569083 0.8796147672552167 0.08960328317373462 0.21669341894060995
