0 0.31942544459644323 0.5874799357945425 0.08686730506155951 0.2102728731942215
0 0.39158686730506154 0.4799357945425361 0.06976744186046512 0.15569823434991975
0 0.4829001367989056 0.5425361155698234 0.06224350205198358 0.15248796147672553
0 0.41997264021887826 0.673354735152488 0.10191518467852258 0.24077046548956663
0 0.3286593707250342 0.8298555377207063 0.12448700410396717 0.2808988764044944
0 0.25273597811217513 0.7391653290529695 0.058823529411764705 0.14446227929373998
0 0.23050615595075238 0.8892455858747994 0.06497948016415869 0.14606741573033707
0 0.469562243502052 0.8659711075441413 0.09165526675786594 0.21508828250401285
0 0.5129958960328317 0.6861958266452648 0.0704514363885089 0.16693418940609953
0 0.5769493844049247 0.8491171749598716 0.11354309165526676 0.2680577849117175
0 0.6597127222982216 0.9020866773675762 0.06292749658002736 0.1492776886035313
