0 0.7175102599179206 0.45264847512038525 0.10465116279069768 0.22953451043338685
0 0.646374829001368 0.6115569823434992 0.08686730506155951 0.21669341894060995
0 0.7390560875512996 0.7102728731942215 0.1121751025991792 0.24077046548956663
0 0.6409028727770177 0.8434991974317817 0.1210670314637483 0.27287319422150885
0 0.7694938440492476 0.9077046548956661 0.06908344733242135 0.14446227929373998
0 0.7811217510259918 0.5521669341894061 0.05677154582763338 0.14285714285714285
0 0.8276333789329685 0.6540930979133226 0.07181942544459645 0.17014446227929375
0 0.8180574555403557 0.8073836276083467 0.06361149110807114 0.13964686998394862
0 0.8823529411764706 0.7544141252006421 0.07181942544459645 0.17495987158908508
0 0.8662790697674418 0.9077046548956661 0.06429548563611491 0.1508828250401284
0 0.9442544459644323 0.8788121990369181 0.09302325581395349 0.21187800963081863
