0 0.2708618331053352 0.826645264847512 0.1210670314637483 0.28731942215088285
0 0.36388508891928867 0.6677367576243981 0.09644322845417237 0.23595505617977527
0 0.405608755129959 0.8643659711075441 0.08549931600547196 0.2086677367576244
0 0.5078659370725034 0.8475120385232745 0.11491108071135431 0.27447833065810595
0 0.6367989056087552 0.9085072231139647 0.06224350205198358 0.1332263242375602
0 0.6679206566347469 0.7696629213483146 0.06839945280437756 0.17014446227929375
0 0.7096443228454172 0.8996789727126806 0.06429548563611491 0.14125200642054575
0 0.7629958960328317 0.8113964686998395 0.060191518467852256 0.14446227929373998
0 0.8084815321477428 0.906099518459069 0.05950752393980848 0.14446227929373998
0 0.8252393980848153 0.7504012841091493 0.07113543091655267 0.1797752808988764
0 0.887140902872777 0.8812199036918138 0.08823529411764706 0.20706260032102727
