0 0.04582763337893297 0.8683788121990369 0.05813953488372093 0.18138041733547353
0 0.11046511627906977 0.8884430176565008 0.06155950752393981 0.1637239165329053
0 0.1491108071135431 0.7375601926163724 0.07181942544459645 0.1797752808988764
0 0.17510259917920656 0.8884430176565008 0.05950752393980848 0.1476725521669342
0 0.20588235294117646 0.5971107544141252 0.08960328317373462 0.20706260032102727
0 0.3084815321477428 0.5810593900481541 0.09233926128590972 0.24237560192616373
0 0.25136798905608754 0.7423756019261637 0.058823529411764705 0.15409309791332262
0 0.2390560875512996 0.8892455858747994 0.05471956224350205 0.1492776886035313
0 0.3344733242134063 0.8298555377207063 0.12243502051983585 0.2712680577849117
0 0.44493844049247605 0.8635634028892456 0.09712722298221614 0.21669341894060995
0 0.40902872777017785 0.6348314606741573 0.10738714090287278 0.2696629213483146
