0 0.0506155950752394 0.8812199036918138 0.05950752393980848 0.1492776886035313
0 0.08789329685362517 0.7399678972712681 0.07113543091655267 0.16853932584269662
0 0.1207250341997264 0.8780096308186196 0.0560875512995896 0.15890850722311398
0 0.18433652530779754 0.7664526484751204 0.09302325581395349 0.21508828250401285
0 0.22093023255813954 0.5930979133226324 0.06908344733242135 0.16693418940609953
0 0.2612859097127223 0.7399678972712681 0.06224350205198358 0.13643659711075443
0 0.2441860465116279 0.8924558587479936 0.054035567715458276 0.1492776886035313
0 0.344391244870041 0.8322632423756019 0.12859097127222982 0.2696629213483146
0 0.4213406292749658 0.651685393258427 0.09370725034199727 0.23595505617977527
0 0.4483584131326949 0.8659711075441413 0.09028727770177838 0.2247191011235955
0 0.5526675786593708 0.8491171749598716 0.10465116279069768 0.2712680577849117
