0 0.3512311901504788 0.8378812199036918 0.12448700410396717 0.2680577849117175
0 0.45896032831737343 0.8635634028892456 0.08960328317373462 0.2231139646869984
0 0.6598837209302325 0.8531300160513644 0.11251709986320109 0.26324237560192615
0 0.6969904240766074 0.6268057784911717 0.09917920656634747 0.24719101123595505
0 0.7397400820793434 0.7752808988764045 0.057455540355677154 0.1492776886035313
0 0.7688098495212038 0.9052969502407705 0.0677154582763338 0.1492776886035313
0 0.7876196990424077 0.6693418940609952 0.06976744186046512 0.17495987158908508
0 0.8809849521203831 0.7528089887640449 0.07181942544459645 0.17495987158908508
0 0.820109439124487 0.8073836276083467 0.06087551299589603 0.13964686998394862
0 0.8679890560875513 0.906099518459069 0.06087551299589603 0.1476725521669342
0 0.9439124487004104 0.8788121990369181 0.09370725034199727 0.21829855537720708
