0 0.5834473324213406 0.8418940609951846 0.1210670314637483 0.27929373996789725
0 0.5892612859097127 0.6107544141252006 0.08891928864569083 0.21187800963081863
0 0.6809165526675787 0.7078651685393258 0.1121751025991792 0.2391653290529695
0 0.7113543091655267 0.9044943820224719 0.06908344733242135 0.14125200642054575
0 0.6559507523939808 0.44863563402889245 0.09233926128590972 0.2247191011235955
0 0.7250341997264022 0.5521669341894061 0.05677154582763338 0.14606741573033707
0 0.7705198358413132 0.6524879614767255 0.06976744186046512 0.17014446227929375
0 0.762311901504788 0.8073836276083467 0.06155950752393981 0.14606741573033707
0 0.8252393980848153 0.7560192616372392 0.07250341997264022 0.17174959871589085
0 0.8091655266757866 0.9052969502407705 0.06224350205198358 0.14285714285714285
0 0.8861149110807114 0.8796147672552167 0.09439124487004104 0.2102728731942215
