0 0.10704514363885088 0.8731942215088283 0.0560875512995896 0.1781701444622793
0 0.1686046511627907 0.8892455858747994 0.06292749658002736 0.15248796147672553
0 0.20690834473324213 0.7415730337078652 0.07387140902872777 0.17174959871589085
0 0.26333789329685364 0.5995184590690209 0.09370725034199727 0.21508828250401285
0 0.3112175102599179 0.7431781701444623 0.06361149110807114 0.1492776886035313
0 0.23426812585499315 0.8892455858747994 0.06703146374829001 0.15248796147672553
0 0.2975376196990424 0.8892455858747994 0.05950752393980848 0.15569823434991975
0 0.36320109439124487 0.5842696629213483 0.10054719562243503 0.24879614767255218
0 0.46614227086183313 0.6348314606741573 0.1121751025991792 0.26003210272873195
0 0.39158686730506154 0.8330658105939005 0.12859097127222982 0.27447833065810595
0 0.5027359781121751 0.8643659711075441 0.09233926128590972 0.21187800963081863
