0 0.06976744186046512 0.6813804173354735 0.08549931600547196 0.21508828250401285
0 0.0560875512995896 0.8731942215088283 0.06908344733242135 0.17174959871589085
0 0.1210670314637483 0.8836276083467095 0.05813953488372093 0.1476725521669342
0 0.06532147742818058 0.4871589085072231 0.07797537619699042 0.1637239165329053
0 0.1542407660738714 0.5569823434991974 0.09575923392612859 0.23274478330658105
0 0.179890560875513 0.7383627608346709 0.05540355677154583 0.1492776886035313
0 0.1822845417236662 0.8884430176565008 0.06566347469220246 0.14125200642054575
0 0.22948016415868672 0.6717495987158909 0.057455540355677154 0.14125200642054575
0 0.28248974008207933 0.8306581059390048 0.1265389876880985 0.2825040128410915
0 0.3847469220246238 0.8611556982343499 0.08618331053351573 0.22150882825040127
0 0.3655950752393981 0.6243980738362761 0.1094391244870041 0.2552166934189406
