0 0.2694938440492476 0.826645264847512 0.12243502051983585 0.27768860353130015
0 0.36217510259917923 0.6637239165329053 0.09302325581395349 0.2375601926163724
0 0.4223666210670315 0.5337078651685393 0.060191518467852256 0.1476725521669342
0 0.4066347469220246 0.862760834670947 0.08891928864569083 0.21508828250401285
0 0.5116279069767442 0.8499197431781701 0.11422708618331054 0.2664526484751204
0 0.6070451436388509 0.7463884430176565 0.08481532147742818 0.21669341894060995
0 0.6480848153214774 0.9004815409309791 0.057455540355677154 0.15569823434991975
0 0.6857045143638851 0.7672552166934189 0.07250341997264022 0.17495987158908508
0 0.7277701778385773 0.9004815409309791 0.05813953488372093 0.16211878009630817
0 0.7872777017783857 0.9077046548956661 0.05950752393980848 0.1476725521669342
