0 0.12517099863201095 0.4871589085072231 0.0759233926128591 0.15730337078651685
0 0.12790697674418605 0.6829855537720706 0.08549931600547196 0.21187800963081863
0 0.20998632010943913 0.5642054574638844 0.10601915184678523 0.23113964686998395
0 0.11354309165526676 0.8707865168539326 0.0704514363885089 0.17656500802568217
0 0.2359781121751026 0.7415730337078652 0.05540355677154583 0.1492776886035313
0 0.2869357045143639 0.6701444622792937 0.060191518467852256 0.14125200642054575
0 0.17852257181942544 0.8884430176565008 0.06087551299589603 0.1476725521669342
0 0.2421340629274966 0.8908507223113965 0.0677154582763338 0.13964686998394862
0 0.3399452804377565 0.8322632423756019 0.1238030095759234 0.27608346709470305
0 0.4221956224350205 0.6268057784911717 0.11046511627906977 0.2568218298555377
0 0.4432284541723666 0.862760834670947 0.08686730506155951 0.22150882825040127
