0 0.060191518467852256 0.8683788121990369 0.07455540355677155 0.17495987158908508
0 0.07455540355677155 0.6789727126805778 0.08549931600547196 0.20706260032102727
0 0.15868673050615595 0.5521669341894061 0.09781121751025992 0.21990369181380418
0 0.12585499316005472 0.833868378812199 0.06361149110807114 0.1476725521669342
0 0.17852257181942544 0.7391653290529695 0.054035567715458276 0.1476725521669342
0 0.18057455540355677 0.8876404494382022 0.06497948016415869 0.1492776886035313
0 0.2807797537619699 0.8306581059390048 0.12722298221614228 0.27608346709470305
0 0.36080711354309164 0.6886035313001605 0.06976744186046512 0.17495987158908508
0 0.3912448700410397 0.8643659711075441 0.08823529411764706 0.22150882825040127
0 0.42920656634746923 0.6958266452648475 0.058823529411764705 0.1508828250401284
0 0.49179206566347466 0.8499197431781701 0.11149110807113544 0.27608346709470305
