0 0.4182626538987688 0.6709470304975923 0.10807113543091655 0.2391653290529695
0 0.329343365253078 0.8242375601926164 0.12448700410396717 0.27929373996789725
0 0.4637482900136799 0.862760834670947 0.08823529411764706 0.21829855537720708
0 0.56703146374829 0.8499197431781701 0.11422708618331054 0.2664526484751204
0 0.7246922024623803 0.776083467094703 0.06976744186046512 0.17335473515248795
0 0.6932284541723667 0.9069020866773676 0.06155950752393981 0.13643659711075443
0 0.8180574555403557 0.8113964686998395 0.06224350205198358 0.1508828250401284
0 0.7691518467852257 0.9101123595505618 0.06703146374829001 0.13964686998394862
0 0.8679890560875513 0.9085072231139647 0.06361149110807114 0.14285714285714285
0 0.8806429548563611 0.7528089887640449 0.07113543091655267 0.17495987158908508
0 0.9445964432284542 0.8780096308186196 0.09370725034199727 0.2102728731942215
