0 0.10413816689466485 0.8651685393258427 0.048221614227086186 0.17174959871589085
0 0.13030095759233926 0.6942215088282504 0.09028727770177838 0.21187800963081863
0 0.17578659370725033 0.5224719101123596 0.06497948016415869 0.17014446227929375
0 0.28984268125854995 0.4911717495987159 0.11388508891928864 0.27447833065810595
0 0.3433652530779754 0.666131621187801 0.06224350205198358 0.14606741573033707
0 0.2243502051983584 0.7014446227929374 0.10465116279069768 0.2520064205457464
0 0.17783857729138167 0.8924558587479936 0.06224350205198358 0.14606741573033707
0 0.25136798905608754 0.8900481540930979 0.06566347469220246 0.1476725521669342
0 0.3023255813953488 0.8025682182985554 0.05677154582763338 0.14606741573033707
0 0.39398084815321477 0.8346709470304976 0.12517099863201095 0.2712680577849117
0 0.5003419972640218 0.8547351524879615 0.09712722298221614 0.23434991974317818
