0 0.22982216142270862 0.492776886035313 0.10738714090287278 0.27447833065810595
0 0.12209302325581395 0.5192616372391653 0.06292749658002736 0.16051364365971107
0 0.0755813953488372 0.6942215088282504 0.08618331053351573 0.20545746388443017
0 0.04445964432284542 0.8651685393258427 0.04856361149110807 0.1653290529695024
0 0.11867305061559508 0.884430176565008 0.06155950752393981 0.15569823434991975
0 0.16689466484268126 0.6902086677367576 0.09781121751025992 0.23595505617977527
0 0.19151846785225718 0.8932584269662921 0.06361149110807114 0.1508828250401284
0 0.24350205198358413 0.8025682182985554 0.05950752393980848 0.15248796147672553
0 0.2869357045143639 0.666131621187801 0.06429548563611491 0.14285714285714285
0 0.3348153214774282 0.8346709470304976 0.12448700410396717 0.2712680577849117
0 0.4435704514363885 0.8675762439807384 0.09575923392612859 0.21829855537720708
