0 0.21203830369357046 0.5593900481540931 0.10328317373461013 0.24077046548956663
0 0.1320109439124487 0.6789727126805778 0.08960328317373462 0.2102728731942215
0 0.11730506155950753 0.8731942215088283 0.07250341997264022 0.1781701444622793
0 0.18467852257181944 0.8322632423756019 0.06224350205198358 0.1508828250401284
0 0.23666210670314639 0.7375601926163724 0.054035567715458276 0.14125200642054575
0 0.23974008207934336 0.8908507223113965 0.06703146374829001 0.14285714285714285
0 0.3375512995896033 0.8314606741573034 0.12722298221614228 0.27768860353130015
0 0.4165526675786594 0.687800963081862 0.0704514363885089 0.17014446227929375
0 0.48803009575923395 0.6934189406099518 0.06155950752393981 0.1492776886035313
0 0.4490424076607387 0.8659711075441413 0.08891928864569083 0.21829855537720708
0 0.5499316005471956 0.8531300160513644 0.11696306429548564 0.27287319422150885
