0 0.1456908344733242 0.7383627608346709 0.073187414500684 0.16853932584269662
0 0.10978112175102599 0.8828250401284109 0.06155950752393981 0.1492776886035313
0 0.17852257181942544 0.8796147672552167 0.05950752393980848 0.1653290529695024
0 0.24008207934336526 0.7640449438202247 0.09233926128590972 0.21348314606741572
0 0.2780437756497948 0.5947030497592295 0.07250341997264022 0.17656500802568217
0 0.3183994528043776 0.7407704654895666 0.06429548563611491 0.14125200642054575
0 0.3030095759233926 0.8932584269662921 0.05540355677154583 0.16051364365971107
0 0.39842681258549933 0.833868378812199 0.12311901504787962 0.2664526484751204
0 0.48255813953488375 0.6428571428571429 0.1012311901504788 0.24398073836276082
0 0.5078659370725034 0.8651685393258427 0.09575923392612859 0.21990369181380418
0 0.6111491108071135 0.848314606741573 0.11080711354309165 0.2664526484751204
