0 0.19596443228454172 0.7415730337078652 0.06155950752393981 0.1492776886035313
0 0.17099863201094392 0.8852327447833066 0.06087551299589603 0.15409309791332262
0 0.271203830369357 0.826645264847512 0.12448700410396717 0.28731942215088285
0 0.26299589603283174 0.5906902086677368 0.08344733242134063 0.2102728731942215
0 0.3348153214774282 0.4823434991974318 0.06566347469220246 0.16051364365971107
0 0.36764705882352944 0.6669341894060995 0.09575923392612859 0.23113964686998395
0 0.42476060191518467 0.5441412520064205 0.06087551299589603 0.1492776886035313
0 0.4124487004103967 0.8635634028892456 0.08823529411764706 0.21669341894060995
0 0.4579343365253078 0.6869983948635634 0.06839945280437756 0.17174959871589085
0 0.5191518467852257 0.848314606741573 0.11833105335157319 0.2664526484751204
0 0.6032831737346102 0.9012841091492777 0.06087551299589603 0.1476725521669342
