0 0.6778385772913816 0.6853932584269663 0.11285909712722299 0.29373996789727125
0 0.8252393980848153 0.48073836276083465 0.10533515731874145 0.2536115569823435
0 0.7770177838577291 0.7038523274478331 0.08686730506155951 0.21187800963081863
0 0.8755129958960328 0.71669341894061 0.10054719562243503 0.24719101123595505
0 0.5259917920656635 0.8860353130016051 0.07181942544459645 0.18780096308186195
0 0.5940492476060192 0.9028892455858748 0.06703146374829001 0.1508828250401284
0 0.6593707250341997 0.9069020866773676 0.05950752393980848 0.13643659711075443
0 0.728796169630643 0.9012841091492777 0.06703146374829001 0.16051364365971107
0 0.7971956224350205 0.8972712680577849 0.07250341997264022 0.16853932584269662
0 0.8690150478796169 0.9093097913322632 0.06292749658002736 0.14446227929373998
0 0.9500683994528044 0.8860353130016051 0.09233926128590972 0.2231139646869984
