0 0.9351915184678523 0.37479935794542535 0.12824897400820792 0.27608346709470305
0 0.9432284541723667 0.6540930979133226 0.10875512995896033 0.2536115569823435
0 0.9251025991792066 0.8828250401284109 0.09302325581395349 0.21348314606741572
0 0.856703146374829 0.543338683788122 0.06976744186046512 0.17014446227929375
0 0.8218194254445964 0.7263242375601926 0.10259917920656635 0.2536115569823435
0 0.844733242134063 0.9149277688603531 0.06634746922024624 0.1492776886035313
0 0.7222982216142271 0.7744783306581059 0.05950752393980848 0.1476725521669342
0 0.6497948016415869 0.723916532905297 0.09233926128590972 0.20385232744783308
0 0.6323529411764706 0.9020866773675762 0.057455540355677154 0.15569823434991975
0 0.6945964432284542 0.9004815409309791 0.060191518467852256 0.15569823434991975
0 0.771545827633379 0.8932584269662921 0.073187414500684 0.17335473515248795
