0 0.387140902872777 0.8314606741573034 0.12517099863201095 0.27768860353130015
0 0.48768809849521205 0.8651685393258427 0.09097127222982217 0.22632423756019263
0 0.5458276333789329 0.7142857142857143 0.0704514363885089 0.16853932584269662
0 0.6196990424076607 0.8531300160513644 0.11149110807113544 0.2664526484751204
0 0.6094391244870041 0.5898876404494382 0.08823529411764706 0.1958266452648475
0 0.6744186046511628 0.6966292134831461 0.06361149110807114 0.1492776886035313
0 0.7332421340629275 0.7825040128410915 0.06224350205198358 0.1508828250401284
0 0.7028043775649795 0.9044943820224719 0.06155950752393981 0.16051364365971107
0 0.7794117647058824 0.8940609951845907 0.07250341997264022 0.17174959871589085
0 0.8218194254445964 0.71669341894061 0.10259917920656635 0.24398073836276082
0 0.8556771545827634 0.9052969502407705 0.06224350205198358 0.15890850722311398
