0 0.3847469220246238 0.8571428571428571 0.09712722298221614 0.22632423756019263
0 0.46511627906976744 0.8964686998394864 0.06087551299589603 0.1637239165329053
0 0.5256497948016415 0.9085072231139647 0.06292749658002736 0.13964686998394862
0 0.5889192886456909 0.8996789727126806 0.06087551299589603 0.1637239165329053
0 0.6682626538987688 0.8523274478330658 0.09507523939808482 0.2520064205457464
0 0.7383720930232558 0.6508828250401284 0.12722298221614228 0.27608346709470305
0 0.820109439124487 0.7849117174959872 0.06908344733242135 0.17174959871589085
0 0.756155950752394 0.891653290529695 0.07250341997264022 0.17335473515248795
0 0.9021887824897401 0.670545746388443 0.10875512995896033 0.26565008025682185
0 0.865595075239398 0.9109149277688604 0.06155950752393981 0.15730337078651685
0 0.9432284541723667 0.8828250401284109 0.09370725034199727 0.21669341894060995
