0 0.37243502051983585 0.5890850722311396 0.08618331053351573 0.20706260032102727
0 0.42476060191518467 0.46147672552166935 0.05813953488372093 0.13804173354735153
0 0.4890560875512996 0.4606741573033708 0.06224350205198358 0.1492776886035313
0 0.46751025991792067 0.6468699839486356 0.09575923392612859 0.2520064205457464
0 0.3857729138166895 0.8242375601926164 0.1238030095759234 0.2857142857142857
0 0.49863201094391246 0.8635634028892456 0.09233926128590972 0.2231139646869984
0 0.54890560875513 0.7014446227929374 0.07250341997264022 0.16853932584269662
0 0.5410396716826266 0.543338683788122 0.06224350205198358 0.14125200642054575
0 0.6166210670314638 0.8499197431781701 0.11080711354309165 0.27287319422150885
0 0.7017783857729138 0.9028892455858748 0.05950752393980848 0.15409309791332262
0 0.7653898768809849 0.8940609951845907 0.07181942544459645 0.17174959871589085
