0 0.33002735978112174 0.826645264847512 0.12585499316005472 0.2808988764044944
0 0.43091655266757867 0.8603531300160514 0.09233926128590972 0.22632423756019263
0 0.4893980848153215 0.7150882825040128 0.07250341997264022 0.17014446227929375
0 0.561217510259918 0.8531300160513644 0.11080711354309165 0.2664526484751204
0 0.5530095759233926 0.593900481540931 0.08891928864569083 0.20706260032102727
0 0.6169630642954856 0.6966292134831461 0.06224350205198358 0.15569823434991975
0 0.6754445964432284 0.7800963081861958 0.06292749658002736 0.15569823434991975
0 0.6450068399452804 0.906099518459069 0.05950752393980848 0.15730337078651685
0 0.7199042407660738 0.8956661316211878 0.07113543091655267 0.17174959871589085
0 0.761969904240766 0.7215088282504013 0.10054719562243503 0.24077046548956663
0 0.7985636114911081 0.9052969502407705 0.06155950752393981 0.15569823434991975
