0 0.4131326949384405 0.8812199036918138 0.07455540355677155 0.1781701444622793
0 0.5095759233926128 0.8587479935794543 0.10738714090287278 0.26484751203852325
0 0.603967168262654 0.9044943820224719 0.06497948016415869 0.15730337078651685
0 0.576265389876881 0.673354735152488 0.08755129958960328 0.21187800963081863
0 0.6617647058823529 0.7295345104333868 0.08755129958960328 0.23113964686998395
0 0.6679206566347469 0.9093097913322632 0.06155950752393981 0.13804173354735153
0 0.7513679890560876 0.9052969502407705 0.06155950752393981 0.15890850722311398
0 0.7045143638850889 0.5120385232744783 0.09644322845417237 0.23274478330658105
0 0.7739398084815321 0.6974317817014446 0.12448700410396717 0.2696629213483146
0 0.8163474692202463 0.8964686998394864 0.07387140902872777 0.17656500802568217
0 0.8891928864569083 0.9189406099518459 0.0677154582763338 0.1508828250401284
