0 0.09028727770177838 0.8812199036918138 0.05540355677154583 0.16211878009630817
0 0.15287277701778385 0.8908507223113965 0.06155950752393981 0.14285714285714285
0 0.21409028727770177 0.8996789727126806 0.06224350205198358 0.14125200642054575
0 0.2390560875512996 0.7552166934189406 0.07250341997264022 0.17014446227929375
0 0.3320793433652531 0.8314606741573034 0.12448700410396717 0.2808988764044944
0 0.32489740082079344 0.5898876404494382 0.08686730506155951 0.20545746388443017
0 0.4131326949384405 0.6532905296950241 0.09507523939808482 0.23274478330658105
0 0.44459644322845415 0.8659711075441413 0.09370725034199727 0.21829855537720708
0 0.4859781121751026 0.5393258426966292 0.060191518467852256 0.13964686998394862
0 0.49726402188782487 0.6910112359550562 0.0704514363885089 0.16693418940609953
0 0.560875512995896 0.8563402889245586 0.11012311901504789 0.2696629213483146
