0 0.594733242134063 0.7231139646869984 0.09165526675786594 0.21187800963081863
0 0.576265389876881 0.9036918138041734 0.05471956224350205 0.15248796147672553
0 0.6357729138166894 0.9004815409309791 0.06155950752393981 0.15890850722311398
0 0.6658686730506156 0.7712680577849117 0.057455540355677154 0.1476725521669342
0 0.7147742818057455 0.8900481540930979 0.073187414500684 0.17335473515248795
0 0.7643638850889193 0.7359550561797753 0.09712722298221614 0.23434991974317818
0 0.8002735978112175 0.5409309791332263 0.06908344733242135 0.16211878009630817
0 0.7889876880984952 0.9117174959871589 0.06155950752393981 0.14606741573033707
0 0.8775649794801642 0.37720706260032105 0.12517099863201095 0.2808988764044944
0 0.8850889192886456 0.6508828250401284 0.11012311901504789 0.26324237560192615
0 0.8652530779753762 0.8860353130016051 0.09097127222982217 0.21669341894060995
