0 0.6761285909712722 0.45746388443017655 0.06703146374829001 0.15890850722311398
0 0.7421340629274966 0.5208667736757624 0.06224350205198358 0.13804173354735153
0 0.6781805745554036 0.6918138041733547 0.1121751025991792 0.2969502407704655
0 0.7797537619699042 0.7046548956661316 0.08823529411764706 0.21348314606741572
0 0.6638166894664843 0.9093097913322632 0.058823529411764705 0.14125200642054575
0 0.7301641586867305 0.9020866773675762 0.06429548563611491 0.15248796147672553
0 0.7968536251709987 0.8932584269662921 0.07455540355677155 0.16693418940609953
0 0.8683310533515732 0.9085072231139647 0.06429548563611491 0.15569823434991975
0 0.8761969904240766 0.7126805778491172 0.10465116279069768 0.24879614767255218
0 0.9487004103967168 0.8804173354735152 0.09233926128590972 0.2247191011235955
0 0.9377564979480164 0.5096308186195827 0.11012311901504789 0.2504012841091493
