0 0.41450068399452805 0.8635634028892456 0.09097127222982217 0.2231139646869984
0 0.4952120383036936 0.8812199036918138 0.07181942544459645 0.18780096308186195
0 0.5933652530779754 0.8499197431781701 0.11080711354309165 0.2664526484751204
0 0.6689466484268126 0.5746388443017657 0.08960328317373462 0.20706260032102727
0 0.6631326949384405 0.7520064205457464 0.058823529411764705 0.1508828250401284
0 0.6764705882352942 0.9117174959871589 0.05950752393980848 0.14285714285714285
0 0.7393980848153214 0.9052969502407705 0.06224350205198358 0.15890850722311398
0 0.8050615595075239 0.8964686998394864 0.06908344733242135 0.16693418940609953
0 0.7626538987688098 0.695024077046549 0.1292749658002736 0.2680577849117175
0 0.8707250341997264 0.7552166934189406 0.09507523939808482 0.22150882825040127
0 0.9370725034199726 0.9109149277688604 0.06908344733242135 0.16693418940609953
