0 0.35567715458276333 0.8812199036918138 0.073187414500684 0.17174959871589085
0 0.45075239398084815 0.85553772070626 0.10875512995896033 0.25842696629213485
0 0.5181258549931601 0.6709470304975923 0.08481532147742818 0.21348314606741572
0 0.5465116279069767 0.9004815409309791 0.06224350205198358 0.15248796147672553
0 0.6043091655266758 0.7263242375601926 0.08618331053351573 0.23434991974317818
0 0.6108071135430917 0.9109149277688604 0.06497948016415869 0.14125200642054575
0 0.649452804377565 0.5168539325842697 0.09575923392612859 0.2231139646869984
0 0.7178522571819426 0.6926163723916533 0.12448700410396717 0.27287319422150885
0 0.6949384404924761 0.906099518459069 0.06224350205198358 0.15730337078651685
0 0.7585499316005472 0.8940609951845907 0.07181942544459645 0.17495987158908508
0 0.8310533515731874 0.9149277688603531 0.06634746922024624 0.15248796147672553
