0 0.28488372093023256 0.8531300160513644 0.09302325581395349 0.2375601926163724
0 0.326265389876881 0.6821829855537721 0.06087551299589603 0.1492776886035313
0 0.4168946648426813 0.7174959871589085 0.12448700410396717 0.26484751203852325
0 0.36080711354309164 0.8964686998394864 0.06155950752393981 0.1476725521669342
0 0.45554035567715456 0.9020866773675762 0.06087551299589603 0.15248796147672553
0 0.47161422708618334 0.536115569823435 0.06566347469220246 0.1653290529695024
0 0.53077975376197 0.6869983948635634 0.10601915184678523 0.26484751203852325
0 0.5235978112175103 0.8980738362760835 0.060191518467852256 0.15409309791332262
0 0.609781121751026 0.8515248796147673 0.09575923392612859 0.2375601926163724
0 0.6973324213406292 0.8924558587479936 0.07113543091655267 0.17495987158908508
0 0.7735978112175103 0.8731942215088283 0.08686730506155951 0.21990369181380418
