0 0.38269493844049246 0.6853932584269663 0.06155950752393981 0.15248796147672553
0 0.3440492476060191 0.85553772070626 0.08960328317373462 0.23595505617977527
0 0.41894664842681256 0.8980738362760835 0.06429548563611491 0.1508828250401284
0 0.47332421340629277 0.7142857142857143 0.1292749658002736 0.2712680577849117
0 0.5256497948016415 0.5393258426966292 0.06703146374829001 0.16853932584269662
0 0.5868673050615595 0.687800963081862 0.10875512995896033 0.2696629213483146
0 0.5157318741450069 0.9052969502407705 0.06361149110807114 0.1492776886035313
0 0.5800273597811217 0.8964686998394864 0.06224350205198358 0.16051364365971107
0 0.6651846785225718 0.8547351524879615 0.09986320109439124 0.24719101123595505
0 0.7551299589603283 0.8956661316211878 0.0704514363885089 0.1781701444622793
0 0.8310533515731874 0.8756019261637239 0.08686730506155951 0.22150882825040127
