0 0.32694938440492477 0.8258426966292135 0.12243502051983585 0.27287319422150885
0 0.3173734610123119 0.5898876404494382 0.08549931600547196 0.20545746388443017
0 0.3655950752393981 0.4550561797752809 0.057455540355677154 0.14125200642054575
0 0.40902872777017785 0.6524879614767255 0.09370725034199727 0.23434991974317818
0 0.43365253077975374 0.46629213483146065 0.05950752393980848 0.13804173354735153
0 0.442202462380301 0.8675762439807384 0.09165526675786594 0.2247191011235955
0 0.4842681258549932 0.5465489566613162 0.05813953488372093 0.14125200642054575
0 0.4911080711354309 0.7046548956661316 0.0704514363885089 0.1653290529695024
0 0.5588235294117647 0.8459069020866774 0.10738714090287278 0.27447833065810595
0 0.6419288645690835 0.9044943820224719 0.058823529411764705 0.16693418940609953
0 0.7062243502051984 0.891653290529695 0.07113543091655267 0.16693418940609953
