0 0.469562243502052 0.8876404494382022 0.06839945280437756 0.18459069020866772
0 0.5359097127222983 0.9028892455858748 0.06566347469220246 0.15730337078651685
0 0.6203830369357045 0.6869983948635634 0.11149110807113544 0.2969502407704655
0 0.6019151846785226 0.9101123595505618 0.06087551299589603 0.14285714285714285
0 0.6727086183310533 0.8996789727126806 0.06292749658002736 0.15409309791332262
0 0.7209302325581395 0.7054574638844302 0.08549931600547196 0.21187800963081863
0 0.740766073871409 0.8924558587479936 0.07181942544459645 0.17174959871589085
0 0.8105335157318742 0.9101123595505618 0.06497948016415869 0.14606741573033707
0 0.7674418604651163 0.4823434991974318 0.10601915184678523 0.2536115569823435
0 0.8177154582763337 0.7215088282504013 0.09849521203830369 0.23434991974317818
0 0.890218878248974 0.8804173354735152 0.09028727770177838 0.2247191011235955
