0 0.6214090287277702 0.4606741573033708 0.06703146374829001 0.15890850722311398
0 0.6234610123119015 0.687800963081862 0.11080711354309165 0.29213483146067415
0 0.6060191518467852 0.9085072231139647 0.05540355677154583 0.1332263242375602
0 0.6846785225718194 0.5240770465489567 0.06224350205198358 0.1348314606741573
0 0.7226402188782489 0.7086677367576244 0.08618331053351573 0.21508828250401285
0 0.6730506155950753 0.8996789727126806 0.06361149110807114 0.15409309791332262
0 0.8173734610123119 0.7223113964686998 0.10054719562243503 0.24237560192616373
0 0.7397400820793434 0.8964686998394864 0.07250341997264022 0.17014446227929375
0 0.8105335157318742 0.9101123595505618 0.06361149110807114 0.13964686998394862
0 0.8898768809849521 0.8820224719101124 0.08960328317373462 0.2247191011235955
0 0.8813269493844049 0.5096308186195827 0.11354309165526676 0.26003210272873195
