0 0.35567715458276333 0.8611556982343499 0.09097127222982217 0.22792937399678972
0 0.4374145006839945 0.8820224719101124 0.06976744186046512 0.1797752808988764
0 0.536593707250342 0.8523274478330658 0.10807113543091655 0.27768860353130015
0 0.6125170998632011 0.5746388443017657 0.08755129958960328 0.2102728731942215
0 0.6056771545827634 0.7536115569823435 0.058823529411764705 0.1476725521669342
0 0.6186730506155951 0.9077046548956661 0.058823529411764705 0.1476725521669342
0 0.6805745554035568 0.9052969502407705 0.06361149110807114 0.15890850722311398
0 0.7055403556771546 0.6934189406099518 0.12722298221614228 0.26484751203852325
0 0.7479480164158687 0.8972712680577849 0.07250341997264022 0.17495987158908508
0 0.8149794801641587 0.7536115569823435 0.09302325581395349 0.22792937399678972
0 0.8796169630642955 0.9093097913322632 0.0677154582763338 0.16693418940609953
