0 0.3276333789329685 0.8611556982343499 0.09644322845417237 0.2247191011235955
0 0.4066347469220246 0.8956661316211878 0.058823529411764705 0.15569823434991975
0 0.46751025991792067 0.9044943820224719 0.06155950752393981 0.13804173354735153
0 0.5311217510259918 0.8972712680577849 0.060191518467852256 0.15569823434991975
0 0.6125170998632011 0.8507223113964687 0.09302325581395349 0.24237560192616373
0 0.6816005471956225 0.6492776886035313 0.12448700410396717 0.27608346709470305
0 0.7024623803009576 0.891653290529695 0.073187414500684 0.17656500802568217
0 0.7653898768809849 0.7825040128410915 0.06634746922024624 0.17335473515248795
0 0.8461012311901505 0.673354735152488 0.10875512995896033 0.26324237560192615
0 0.8071135430916553 0.9109149277688604 0.06497948016415869 0.1508828250401284
0 0.8857729138166894 0.8828250401284109 0.09097127222982217 0.21669341894060995
