0 0.14774281805745554 0.8820224719101124 0.05813953488372093 0.16693418940609953
0 0.21169630642954856 0.891653290529695 0.06429548563611491 0.14446227929373998
0 0.27359781121751026 0.9020866773675762 0.06634746922024624 0.13964686998394862
0 0.2975376196990424 0.7520064205457464 0.0759233926128591 0.17014446227929375
0 0.3912448700410397 0.8298555377207063 0.1238030095759234 0.2808988764044944
0 0.380984952120383 0.586677367576244 0.08823529411764706 0.2086677367576244
0 0.47332421340629277 0.6460674157303371 0.09781121751025992 0.2536115569823435
0 0.542407660738714 0.5393258426966292 0.06087551299589603 0.14606741573033707
0 0.5530095759233926 0.6942215088282504 0.07250341997264022 0.17014446227929375
0 0.5027359781121751 0.8643659711075441 0.09370725034199727 0.21508828250401285
0 0.6179890560875513 0.8515248796147673 0.1094391244870041 0.2696629213483146
