0 0.09062927496580027 0.6420545746388443 0.12722298221614228 0.2808988764044944
0 0.07831737346101231 0.8723916532905297 0.07387140902872777 0.18298555377207062
0 0.1771545827633379 0.8434991974317817 0.10054719562243503 0.24077046548956663
0 0.1569767441860465 0.45746388443017655 0.07523939808481532 0.1653290529695024
0 0.18467852257181944 0.6035313001605136 0.06361149110807114 0.15248796147672553
0 0.25752393980848154 0.64446227929374 0.09028727770177838 0.21187800963081863
0 0.27291381668946646 0.8619582664526485 0.09370725034199727 0.22632423756019263
0 0.3331053351573187 0.7423756019261637 0.05813953488372093 0.1637239165329053
0 0.34678522571819426 0.898876404494382 0.06361149110807114 0.15569823434991975
0 0.4114227086183311 0.9069020866773676 0.06703146374829001 0.14606741573033707
0 0.49623803009575923 0.8507223113964687 0.11080711354309165 0.2712680577849117
