0 0.09986320109439124 0.877207062600321 0.0786593707250342 0.17335473515248795
0 0.19117647058823528 0.8523274478330658 0.09575923392612859 0.22632423756019263
0 0.2708618331053352 0.8948635634028892 0.06497948016415869 0.15730337078651685
0 0.3341313269493844 0.8972712680577849 0.06292749658002736 0.15248796147672553
0 0.44015047879616964 0.8178170144462279 0.11354309165526676 0.30497592295345105
0 0.38782489740082077 0.6348314606741573 0.07181942544459645 0.17014446227929375
0 0.3430232558139535 0.4518459069020867 0.09712722298221614 0.2086677367576244
0 0.5314637482900136 0.7584269662921348 0.06497948016415869 0.1476725521669342
0 0.5194938440492476 0.906099518459069 0.06429548563611491 0.13804173354735153
0 0.5937072503419972 0.8683788121990369 0.09097127222982217 0.21669341894060995
0 0.3016415868673051 0.6894060995184591 0.11285909712722299 0.2696629213483146
