0 0.04514363885088919 0.869983948635634 0.07455540355677155 0.1781701444622793
0 0.11046511627906977 0.6894060995184591 0.12585499316005472 0.28892455858747995
0 0.20964432284541723 0.6364365971107544 0.06839945280437756 0.14446227929373998
0 0.19528043775649795 0.8499197431781701 0.1039671682626539 0.23113964686998395
0 0.2694938440492476 0.702247191011236 0.07181942544459645 0.16693418940609953
0 0.33002735978112174 0.6332263242375602 0.058823529411764705 0.1476725521669342
0 0.4021887824897401 0.7142857142857143 0.06224350205198358 0.1492776886035313
0 0.44493844049247605 0.8651685393258427 0.08755129958960328 0.21669341894060995
0 0.4941860465116279 0.709470304975923 0.06703146374829001 0.15248796147672553
0 0.533515731874145 0.869983948635634 0.09097127222982217 0.2231139646869984
0 0.3348153214774282 0.8579454253611557 0.11491108071135431 0.2536115569823435
