0 0.25239398084815323 0.8394863563402889 0.10328317373461013 0.26163723916532905
0 0.3221614227086183 0.7014446227929374 0.07181942544459645 0.1653290529695024
0 0.39158686730506154 0.8507223113964687 0.11627906976744186 0.2680577849117175
0 0.405608755129959 0.6452648475120385 0.06634746922024624 0.13964686998394862
0 0.4575923392612859 0.7110754414125201 0.06087551299589603 0.15569823434991975
0 0.5 0.8619582664526485 0.08686730506155951 0.2102728731942215
0 0.5006839945280438 0.5947030497592295 0.07455540355677155 0.17014446227929375
0 0.5471956224350205 0.7062600321027287 0.06361149110807114 0.15569823434991975
0 0.5899452804377565 0.8707865168539326 0.09028727770177838 0.22150882825040127
0 0.624829001367989 0.6998394863563403 0.058823529411764705 0.1492776886035313
0 0.6966484268125855 0.8418940609951846 0.12175102599179206 0.27929373996789725
