0 0.10157318741450068 0.8747993579454254 0.07660738714090287 0.16853932584269662
0 0.19117647058823528 0.8507223113964687 0.09575923392612859 0.2231139646869984
0 0.2725718194254446 0.8908507223113965 0.06429548563611491 0.15890850722311398
0 0.29958960328317374 0.6886035313001605 0.11149110807113544 0.26484751203852325
0 0.4179206566347469 0.8170144462279294 0.11149110807113544 0.30658105939004815
0 0.3372093023255814 0.8932584269662921 0.06361149110807114 0.16051364365971107
0 0.5095759233926128 0.7576243980738363 0.05950752393980848 0.15569823434991975
0 0.49350205198358416 0.9077046548956661 0.06566347469220246 0.14125200642054575
0 0.5800273597811217 0.8467094703049759 0.09507523939808482 0.23113964686998395
0 0.713406292749658 0.8908507223113965 0.06908344733242135 0.17495987158908508
0 0.8344733242134063 0.8812199036918138 0.08686730506155951 0.2102728731942215
