0 0.1039671682626539 0.8707865168539326 0.073187414500684 0.17656500802568217
0 0.16826265389876882 0.687800963081862 0.12517099863201095 0.3017656500802568
0 0.2664158686730506 0.6380417335473515 0.06703146374829001 0.14446227929373998
0 0.25820793433652534 0.8402889245585875 0.1094391244870041 0.2568218298555377
0 0.326265389876881 0.6966292134831461 0.073187414500684 0.17495987158908508
0 0.38850889192886456 0.6276083467094703 0.05950752393980848 0.15248796147672553
0 0.39295485636114913 0.8515248796147673 0.12038303693570451 0.26324237560192615
0 0.45930232558139533 0.7054574638844302 0.06429548563611491 0.15730337078651685
0 0.5495896032831737 0.7070626003210273 0.06429548563611491 0.1508828250401284
0 0.5013679890560876 0.8659711075441413 0.08823529411764706 0.21508828250401285
0 0.591655266757866 0.8667736757624398 0.08960328317373462 0.22953451043338685
