0 0.16039671682626538 0.8780096308186196 0.07387140902872777 0.17174959871589085
0 0.25170998632010944 0.8563402889245586 0.09644322845417237 0.23434991974317818
0 0.3594391244870041 0.687800963081862 0.1121751025991792 0.27608346709470305
0 0.3320793433652531 0.8940609951845907 0.06566347469220246 0.16211878009630817
0 0.3960328317373461 0.898876404494382 0.06361149110807114 0.15248796147672553
0 0.4736662106703146 0.8170144462279294 0.11491108071135431 0.3162118780096308
0 0.563953488372093 0.7608346709470305 0.058823529411764705 0.15569823434991975
0 0.5509575923392613 0.9117174959871589 0.06292749658002736 0.14606741573033707
0 0.6385088919288646 0.8579454253611557 0.1039671682626539 0.24719101123595505
0 0.7708618331053352 0.8964686998394864 0.0704514363885089 0.17656500802568217
0 0.8881668946648427 0.8780096308186196 0.08891928864569083 0.21990369181380418
