0 0.14671682626538987 0.6428571428571429 0.12311901504787962 0.27287319422150885
0 0.1374829001367989 0.8747993579454254 0.073187414500684 0.18459069020866772
0 0.2137482900136799 0.4606741573033708 0.07387140902872777 0.16211878009630817
0 0.24076607387140903 0.6027287319422151 0.06497948016415869 0.1476725521669342
0 0.23187414500683995 0.8418940609951846 0.10054719562243503 0.2568218298555377
0 0.31497948016415867 0.6412520064205457 0.08755129958960328 0.20545746388443017
0 0.3286593707250342 0.85553772070626 0.09165526675786594 0.21990369181380418
0 0.39192886456908343 0.7439807383627608 0.05950752393980848 0.1637239165329053
0 0.4052667578659371 0.8964686998394864 0.06292749658002736 0.15409309791332262
0 0.4681942544459644 0.9085072231139647 0.06566347469220246 0.14285714285714285
0 0.551983584131327 0.8459069020866774 0.11149110807113544 0.2712680577849117
