0 0.08481532147742818 0.6404494382022472 0.1292749658002736 0.2808988764044944
0 0.10362517099863201 0.42776886035313 0.06292749658002736 0.13804173354735153
0 0.0704514363885089 0.8707865168539326 0.0759233926128591 0.1797752808988764
0 0.1795485636114911 0.6388443017656501 0.06292749658002736 0.1492776886035313
0 0.16518467852257182 0.48635634028892455 0.07387140902872777 0.16211878009630817
0 0.1744186046511628 0.33868378812199035 0.0677154582763338 0.1332263242375602
0 0.25324897400820795 0.4069020866773676 0.10772913816689467 0.2375601926163724
0 0.2547879616963064 0.6380417335473515 0.09028727770177838 0.2086677367576244
0 0.17373461012311903 0.8467094703049759 0.10054719562243503 0.2504012841091493
0 0.2725718194254446 0.8611556982343499 0.09302325581395349 0.22792937399678972
0 0.35533515731874143 0.9004815409309791 0.06155950752393981 0.1492776886035313
