0 0.08755129958960328 0.6436597110754414 0.12243502051983585 0.27447833065810595
0 0.08139534883720931 0.869983948635634 0.07455540355677155 0.1781701444622793
0 0.17202462380300956 0.8218298555377207 0.09849521203830369 0.23274478330658105
0 0.25410396716826267 0.6412520064205457 0.09302325581395349 0.21187800963081863
0 0.2643638850889193 0.8587479935794543 0.09439124487004104 0.21669341894060995
0 0.3378932968536252 0.898876404494382 0.06361149110807114 0.15890850722311398
0 0.40253077975376195 0.9020866773675762 0.06839945280437756 0.14606741573033707
0 0.33002735978112174 0.7303370786516854 0.07250341997264022 0.1781701444622793
0 0.399452804377565 0.7415730337078652 0.06497948016415869 0.15569823434991975
0 0.46477428180574554 0.8996789727126806 0.058823529411764705 0.16051364365971107
0 0.5530095759233926 0.8499197431781701 0.11080711354309165 0.27287319422150885
