0 0.1966484268125855 0.6653290529695024 0.1012311901504788 0.24719101123595505
0 0.27975376196990426 0.6621187800963082 0.0759233926128591 0.16693418940609953
0 0.31497948016415867 0.5176565008025682 0.06292749658002736 0.14446227929373998
0 0.16176470588235295 0.8739967897271268 0.07660738714090287 0.17014446227929375
0 0.2585499316005472 0.8563402889245586 0.09507523939808482 0.22150882825040127
0 0.37140902872777015 0.6910112359550562 0.11012311901504789 0.26324237560192615
0 0.3392612859097127 0.8924558587479936 0.06361149110807114 0.15890850722311398
0 0.4069767441860465 0.8948635634028892 0.06224350205198358 0.1508828250401284
0 0.490766073871409 0.8186195826645265 0.1094391244870041 0.30337078651685395
0 0.45656634746922026 0.5914927768860353 0.08891928864569083 0.20545746388443017
0 0.5694254445964432 0.9085072231139647 0.06292749658002736 0.13643659711075443
