0 0.25683994528043774 0.8491171749598716 0.11901504787961696 0.27447833065810595
0 0.2705198358413133 0.6324237560192616 0.06292749658002736 0.15248796147672553
0 0.33071135430916554 0.6845906902086677 0.07113543091655267 0.1637239165329053
0 0.3601231190150479 0.8579454253611557 0.08755129958960328 0.22150882825040127
0 0.4579343365253078 0.7985553772070626 0.10533515731874145 0.2247191011235955
0 0.5311217510259918 0.8980738362760835 0.06976744186046512 0.17014446227929375
0 0.5536935704514364 0.7287319422150883 0.07250341997264022 0.17495987158908508
0 0.6450068399452804 0.7102728731942215 0.06087551299589603 0.1476725521669342
0 0.6080711354309165 0.8659711075441413 0.08686730506155951 0.2247191011235955
0 0.6850205198358413 0.622792937399679 0.06155950752393981 0.13001605136436598
0 0.7243502051983585 0.8346709470304976 0.1238030095759234 0.3001605136436597
