0 0.19288645690834474 0.8491171749598716 0.10054719562243503 0.23595505617977527
0 0.2657318741450068 0.6998394863563403 0.07523939808481532 0.1653290529695024
0 0.3317373461012312 0.8547351524879615 0.11833105335157319 0.26324237560192615
0 0.34678522571819426 0.6428571428571429 0.0677154582763338 0.14125200642054575
0 0.4011627906976744 0.7110754414125201 0.06292749658002736 0.1492776886035313
0 0.4428864569083447 0.8643659711075441 0.08755129958960328 0.21829855537720708
0 0.4425444596443228 0.593900481540931 0.07455540355677155 0.17174959871589085
0 0.5331737346101231 0.869983948635634 0.08755129958960328 0.21990369181380418
0 0.49179206566347466 0.7078651685393258 0.06361149110807114 0.15890850722311398
0 0.5680574555403557 0.7006420545746388 0.058823529411764705 0.1508828250401284
0 0.6391928864569083 0.8467094703049759 0.12311901504787962 0.2825040128410915
