0 0.15868673050615595 0.8747993579454254 0.0759233926128591 0.16853932584269662
0 0.2506839945280438 0.8539325842696629 0.09439124487004104 0.21990369181380418
0 0.359781121751026 0.6910112359550562 0.11149110807113544 0.27287319422150885
0 0.32968536251709984 0.8908507223113965 0.06634746922024624 0.16211878009630817
0 0.39500683994528046 0.8948635634028892 0.06292749658002736 0.1508828250401284
0 0.4052667578659371 0.45264847512038525 0.1039671682626539 0.20706260032102727
0 0.44562243502051985 0.6356340288924559 0.07113543091655267 0.1653290529695024
0 0.49794801641586867 0.819422150882825 0.11149110807113544 0.3017656500802568
0 0.5769493844049247 0.9077046548956661 0.06429548563611491 0.14446227929373998
0 0.5861833105335157 0.7608346709470305 0.06361149110807114 0.14285714285714285
0 0.6518467852257182 0.8707865168539326 0.08960328317373462 0.21187800963081863
