0 0.14432284541723667 0.6412520064205457 0.12243502051983585 0.27929373996789725
0 0.13919288645690833 0.869983948635634 0.07250341997264022 0.1781701444622793
0 0.22606019151846785 0.8218298555377207 0.10259917920656635 0.2552166934189406
0 0.3112175102599179 0.6420545746388443 0.08823529411764706 0.20385232744783308
0 0.32181942544459646 0.8587479935794543 0.09302325581395349 0.21669341894060995
0 0.3874829001367989 0.7335473515248796 0.07523939808481532 0.16853932584269662
0 0.3956908344733242 0.9004815409309791 0.06429548563611491 0.14606741573033707
0 0.45656634746922026 0.7471910112359551 0.06155950752393981 0.15409309791332262
0 0.46203830369357046 0.8980738362760835 0.06429548563611491 0.14446227929373998
0 0.524281805745554 0.8948635634028892 0.0533515731874145 0.17656500802568217
0 0.6108071135430917 0.8467094703049759 0.11012311901504789 0.27287319422150885
