0 0.3081395348837209 0.406099518459069 0.106703146374829 0.23274478330658105
0 0.23119015047879618 0.33868378812199035 0.06361149110807114 0.13001605136436598
0 0.15902872777017785 0.42937399678972715 0.06429548563611491 0.13804173354735153
0 0.14124487004103967 0.6348314606741573 0.12448700410396717 0.2825040128410915
0 0.2363201094391245 0.6420545746388443 0.060191518467852256 0.14606741573033707
0 0.2212722298221614 0.49197431781701445 0.07387140902872777 0.16693418940609953
0 0.1320109439124487 0.8707865168539326 0.073187414500684 0.17335473515248795
0 0.23221614227086182 0.8467094703049759 0.1039671682626539 0.24077046548956663
0 0.32968536251709984 0.8563402889245586 0.09233926128590972 0.2247191011235955
0 0.3125854993160055 0.6364365971107544 0.09097127222982217 0.2086677367576244
0 0.4127906976744186 0.8940609951845907 0.06429548563611491 0.16211878009630817
