0 0.253077975376197 0.8443017656500803 0.11969904240766074 0.2712680577849117
0 0.3259233926128591 0.6974317817014446 0.06429548563611491 0.1476725521669342
0 0.3590971272229822 0.8643659711075441 0.09097127222982217 0.2247191011235955
0 0.45656634746922026 0.8491171749598716 0.1039671682626539 0.24237560192616373
0 0.5386456908344733 0.8940609951845907 0.06703146374829001 0.16853932584269662
0 0.5677154582763337 0.7463884430176565 0.0677154582763338 0.17174959871589085
0 0.6118331053351573 0.8908507223113965 0.06703146374829001 0.16853932584269662
0 0.6894664842681258 0.8731942215088283 0.08549931600547196 0.21348314606741572
0 0.7595759233926128 0.9036918138041734 0.05471956224350205 0.16211878009630817
0 0.8156634746922025 0.9020866773675762 0.058823529411764705 0.14285714285714285
0 0.9035567715458276 0.8451043338683788 0.11833105335157319 0.27608346709470305
