0 0.13919288645690833 0.6765650080256822 0.10259917920656635 0.2375601926163724
0 0.10328317373461013 0.8756019261637239 0.07729138166894665 0.16693418940609953
0 0.19835841313269495 0.8539325842696629 0.09370725034199727 0.2231139646869984
0 0.22332421340629274 0.6613162118780096 0.07387140902872777 0.16853932584269662
0 0.2588919288645691 0.5208667736757624 0.06155950752393981 0.14446227929373998
0 0.2814637482900137 0.8940609951845907 0.06429548563611491 0.1653290529695024
0 0.34678522571819426 0.8948635634028892 0.06224350205198358 0.16051364365971107
0 0.43365253077975374 0.8178170144462279 0.11012311901504789 0.3113964686998395
0 0.40047879616963067 0.5930979133226324 0.08755129958960328 0.20224719101123595
0 0.511969904240766 0.9109149277688604 0.06703146374829001 0.13804173354735153
0 0.3122435020519836 0.6910112359550562 0.1121751025991792 0.26003210272873195
