0 0.19425444596443228 0.8475120385232745 0.1210670314637483 0.27768860353130015
0 0.26915184678522575 0.7006420545746388 0.06292749658002736 0.14446227929373998
0 0.3002735978112175 0.8611556982343499 0.09233926128590972 0.22150882825040127
0 0.39500683994528046 0.8402889245585875 0.09575923392612859 0.23434991974317818
0 0.478796169630643 0.8980738362760835 0.0704514363885089 0.1637239165329053
0 0.5116279069767442 0.7471910112359551 0.07181942544459645 0.17335473515248795
0 0.5502735978112175 0.8908507223113965 0.07387140902872777 0.18138041733547353
0 0.6303009575923393 0.8731942215088283 0.08755129958960328 0.21990369181380418
0 0.7024623803009576 0.9052969502407705 0.054035567715458276 0.1492776886035313
0 0.7571819425444597 0.9020866773675762 0.05813953488372093 0.15569823434991975
0 0.8440492476060192 0.848314606741573 0.1210670314637483 0.27929373996789725
