0 0.19904240766073872 0.848314606741573 0.1210670314637483 0.2696629213483146
0 0.2110123119015048 0.630016051364366 0.060191518467852256 0.1476725521669342
0 0.2715458276333789 0.6853932584269663 0.07181942544459645 0.1653290529695024
0 0.3012995896032832 0.8595505617977528 0.09028727770177838 0.22792937399678972
0 0.3960328317373461 0.8017656500802568 0.09507523939808482 0.2375601926163724
0 0.4729822161422709 0.898876404494382 0.06839945280437756 0.1653290529695024
0 0.49623803009575923 0.7311396468699839 0.06976744186046512 0.17656500802568217
0 0.5502735978112175 0.8675762439807384 0.08755129958960328 0.22150882825040127
0 0.5892612859097127 0.7078651685393258 0.06155950752393981 0.13964686998394862
0 0.6296169630642955 0.622792937399679 0.06155950752393981 0.13964686998394862
0 0.6662106703146374 0.8394863563402889 0.1238030095759234 0.29373996789727125
