0 0.27941176470588236 0.8467094703049759 0.09712722298221614 0.24719101123595505
0 0.37756497948016415 0.8619582664526485 0.08960328317373462 0.2231139646869984
0 0.4466484268125855 0.6829855537720706 0.10601915184678523 0.26003210272873195
0 0.469562243502052 0.8860353130016051 0.07113543091655267 0.18138041733547353
0 0.5393296853625171 0.9004815409309791 0.058823529411764705 0.15569823434991975
0 0.5249658002735978 0.5682182985553772 0.06703146374829001 0.16211878009630817
0 0.5660054719562243 0.7279293739967897 0.08891928864569083 0.21187800963081863
0 0.6025991792065664 0.9004815409309791 0.06087551299589603 0.15569823434991975
0 0.6391928864569083 0.7736757624398074 0.06566347469220246 0.14606741573033707
0 0.6686046511627907 0.9117174959871589 0.06292749658002736 0.1492776886035313
0 0.7503419972640218 0.8426966292134831 0.1210670314637483 0.29373996789727125
