0 0.4411764705882353 0.615569823434992 0.10191518467852258 0.2696629213483146
0 0.39398084815321477 0.841091492776886 0.09781121751025992 0.2231139646869984
0 0.5112859097127223 0.7455858747993579 0.06976744186046512 0.16693418940609953
0 0.4794801641586867 0.8964686998394864 0.06634746922024624 0.15730337078651685
0 0.5509575923392613 0.8908507223113965 0.07387140902872777 0.1781701444622793
0 0.6296169630642955 0.8739967897271268 0.08755129958960328 0.22150882825040127
0 0.6886114911080712 0.7536115569823435 0.057797537619699045 0.1476725521669342
0 0.7014363885088919 0.906099518459069 0.05471956224350205 0.15409309791332262
0 0.7588919288645691 0.9052969502407705 0.058823529411764705 0.1492776886035313
0 0.7568399452804377 0.6942215088282504 0.08755129958960328 0.21508828250401285
0 0.8461012311901505 0.8459069020866774 0.12243502051983585 0.2841091492776886
