0 0.71922024623803 0.8579454253611557 0.09439124487004104 0.27287319422150885
0 0.7647058823529411 0.658908507223114 0.08002735978112176 0.23113964686998395
0 0.8303693570451436 0.7664526484751204 0.06634746922024624 0.17014446227929375
0 0.8002735978112175 0.9109149277688604 0.06224350205198358 0.1348314606741573
0 0.8095075239398085 0.5088282504012841 0.0560875512995896 0.14285714285714285
0 0.8331053351573188 0.34430176565008025 0.08413132694938441 0.19903691813804172
0 0.9103967168262654 0.37640449438202245 0.06908344733242135 0.16051364365971107
0 0.8693570451436389 0.4823434991974318 0.05677154582763338 0.1348314606741573
0 0.8515731874145007 0.6147672552166934 0.054035567715458276 0.14606741573033707
0 0.9350205198358413 0.5778491171749599 0.10601915184678523 0.2391653290529695
0 0.9158686730506156 0.8370786516853933 0.11285909712722299 0.2696629213483146
