0 0.48734610123119015 0.848314606741573 0.09302325581395349 0.24398073836276082
0 0.5817373461012312 0.8683788121990369 0.08891928864569083 0.21990369181380418
0 0.658686730506156 0.9036918138041734 0.06497948016415869 0.15569823434991975
0 0.646374829001368 0.7199036918138042 0.08960328317373462 0.2086677367576244
0 0.7694938440492476 0.7897271268057785 0.06908344733242135 0.1653290529695024
0 0.7277701778385773 0.9109149277688604 0.06224350205198358 0.14125200642054575
0 0.7975376196990424 0.6548956661316212 0.05540355677154583 0.1492776886035313
0 0.801983584131327 0.5112359550561798 0.0560875512995896 0.13804173354735153
0 0.8372093023255814 0.38764044943820225 0.07181942544459645 0.15730337078651685
0 0.8782489740082079 0.5762439807383628 0.10328317373461013 0.24237560192616373
0 0.8594391244870041 0.8370786516853933 0.11627906976744186 0.27287319422150885
