0 0.49726402188782487 0.6147672552166934 0.10191518467852258 0.25842696629213485
0 0.4521203830369357 0.8523274478330658 0.09917920656634747 0.2391653290529695
0 0.536593707250342 0.8956661316211878 0.06703146374829001 0.16211878009630817
0 0.5660054719562243 0.7479935794542536 0.06703146374829001 0.17174959871589085
0 0.6080711354309165 0.8884430176565008 0.0759233926128591 0.18298555377207062
0 0.6894664842681258 0.8731942215088283 0.08413132694938441 0.21348314606741572
0 0.7455540355677155 0.7487961476725522 0.06087551299589603 0.1476725521669342
0 0.7599179206566348 0.9028892455858748 0.05540355677154583 0.15730337078651685
0 0.8153214774281806 0.9028892455858748 0.05813953488372093 0.1508828250401284
0 0.8122435020519836 0.6902086677367576 0.08481532147742818 0.20385232744783308
0 0.9021887824897401 0.8434991974317817 0.1210670314637483 0.2825040128410915
