0 0.6060191518467852 0.6773675762439807 0.0704514363885089 0.16211878009630817
0 0.5957592339261286 0.8715890850722311 0.09370725034199727 0.22632423756019263
0 0.658686730506156 0.7800963081861958 0.06087551299589603 0.15569823434991975
0 0.7329001367989056 0.7439807383627608 0.09165526675786594 0.2086677367576244
0 0.7537619699042407 0.5329052969502408 0.09781121751025992 0.23595505617977527
0 0.8194254445964432 0.630016051364366 0.06634746922024624 0.1637239165329053
0 0.7048563611491108 0.9044943820224719 0.05471956224350205 0.16051364365971107
0 0.7578659370725034 0.9069020866773676 0.06087551299589603 0.14606741573033707
0 0.8433652530779754 0.8459069020866774 0.11833105335157319 0.2808988764044944
0 0.8799589603283173 0.4586677367576244 0.10533515731874145 0.25601926163723915
0 0.8926128590971272 0.6677367576243981 0.07181942544459645 0.15248796147672553
