0 0.6870725034199726 0.38041733547351525 0.060191518467852256 0.1492776886035313
0 0.6354309165526676 0.478330658105939 0.06908344733242135 0.15569823434991975
0 0.6207250341997264 0.6845906902086677 0.1094391244870041 0.26324237560192615
0 0.5899452804377565 0.8860353130016051 0.06839945280437756 0.17495987158908508
0 0.7130642954856361 0.5762439807383628 0.09575923392612859 0.24558587479935795
0 0.6884404924760602 0.8715890850722311 0.09028727770177838 0.2231139646869984
0 0.7457250341997264 0.7592295345104334 0.06258549931600547 0.15890850722311398
0 0.7647058823529411 0.9093097913322632 0.054035567715458276 0.15730337078651685
0 0.8146374829001368 0.6974317817014446 0.08686730506155951 0.21187800963081863
0 0.8190834473324213 0.9052969502407705 0.057455540355677154 0.1492776886035313
0 0.905608755129959 0.8459069020866774 0.11833105335157319 0.27447833065810595
