0 0.4062927496580027 0.8443017656500803 0.09507523939808482 0.2391653290529695
0 0.5041039671682627 0.8579454253611557 0.09644322845417237 0.23113964686998395
0 0.5697674418604651 0.7528089887640449 0.07455540355677155 0.1781701444622793
0 0.5984952120383037 0.9028892455858748 0.06361149110807114 0.15730337078651685
0 0.6593707250341997 0.9109149277688604 0.05950752393980848 0.14125200642054575
0 0.6296169630642955 0.6829855537720706 0.058823529411764705 0.14446227929373998
0 0.6747606019151847 0.5401284109149278 0.08891928864569083 0.21187800963081863
0 0.7161422708618331 0.7624398073836276 0.10738714090287278 0.2712680577849117
0 0.7599179206566348 0.9101123595505618 0.06087551299589603 0.13964686998394862
0 0.8269493844049247 0.8980738362760835 0.06497948016415869 0.16051364365971107
0 0.8259233926128591 0.680577849117175 0.1094391244870041 0.29052969502407705
