0 0.6631326949384405 0.848314606741573 0.09165526675786594 0.24398073836276082
0 0.707592339261286 0.6565008025682183 0.08071135430916553 0.22953451043338685
0 0.7537619699042407 0.5096308186195827 0.05677154582763338 0.1348314606741573
0 0.7770177838577291 0.3402889245585875 0.08413132694938441 0.19743178170144463
0 0.813953488372093 0.4823434991974318 0.05950752393980848 0.13804173354735153
0 0.7934336525307798 0.6107544141252006 0.05540355677154583 0.14446227929373998
0 0.7732558139534884 0.7720706260032103 0.06566347469220246 0.1653290529695024
0 0.7417920656634747 0.9093097913322632 0.06429548563611491 0.14125200642054575
0 0.859781121751026 0.8362760834670947 0.11285909712722299 0.27447833065810595
0 0.8792749658002736 0.579454253611557 0.10259917920656635 0.24237560192616373
0 0.8560191518467852 0.37720706260032105 0.07250341997264022 0.15248796147672553
