0 0.5420656634746922 0.680577849117175 0.08755129958960328 0.2102728731942215
0 0.47606019151846785 0.8515248796147673 0.09233926128590972 0.2568218298555377
0 0.5858413132694938 0.8691813804173355 0.09302325581395349 0.22150882825040127
0 0.646374829001368 0.7487961476725522 0.07181942544459645 0.16693418940609953
0 0.6682626538987688 0.9085072231139647 0.06497948016415869 0.15569823434991975
0 0.7236662106703147 0.8643659711075441 0.06224350205198358 0.12841091492776885
0 0.7845417236662107 0.9077046548956661 0.06087551299589603 0.13804173354735153
0 0.8259233926128591 0.7913322632423756 0.06976744186046512 0.16211878009630817
0 0.853967168262654 0.6500802568218299 0.058823529411764705 0.1492776886035313
0 0.9339945280437757 0.5754414125200642 0.1039671682626539 0.24398073836276082
0 0.9168946648426812 0.841091492776886 0.11354309165526676 0.28731942215088285
