0 0.46169630642954856 0.8507223113964687 0.10054719562243503 0.2520064205457464
0 0.5625854993160054 0.8683788121990369 0.09439124487004104 0.21348314606741572
0 0.6268809849521204 0.7512038523274478 0.06976744186046512 0.17495987158908508
0 0.655266757865937 0.9036918138041734 0.06497948016415869 0.15248796147672553
0 0.6877564979480164 0.6813804173354735 0.06155950752393981 0.1476725521669342
0 0.7339261285909713 0.5417335473515249 0.08823529411764706 0.20545746388443017
0 0.774281805745554 0.7608346709470305 0.11285909712722299 0.27768860353130015
0 0.7161422708618331 0.9101123595505618 0.06224350205198358 0.13643659711075443
0 0.8156634746922025 0.9117174959871589 0.060191518467852256 0.13643659711075443
0 0.8816689466484268 0.6821829855537721 0.10601915184678523 0.29373996789727125
0 0.8823529411764706 0.8924558587479936 0.06361149110807114 0.16853932584269662
