0 0.652530779753762 0.8715890850722311 0.09097127222982217 0.2231139646869984
0 0.6617647058823529 0.6765650080256822 0.07387140902872777 0.16051364365971107
0 0.7154582763337893 0.7768860353130016 0.06497948016415869 0.15248796147672553
0 0.8071135430916553 0.5168539325842697 0.10465116279069768 0.2391653290529695
0 0.7609439124487004 0.9044943820224719 0.0560875512995896 0.15730337078651685
0 0.789671682626539 0.7407704654895666 0.09028727770177838 0.2086677367576244
0 0.8153214774281806 0.906099518459069 0.05813953488372093 0.14446227929373998
0 0.875170998632011 0.6332263242375602 0.06429548563611491 0.17014446227929375
0 0.9370725034199726 0.4606741573033708 0.10465116279069768 0.2520064205457464
0 0.9528043775649795 0.6605136436597111 0.06224350205198358 0.16051364365971107
0 0.9032147742818057 0.8475120385232745 0.12038303693570451 0.27447833065810595
