0 0.5646374829001368 0.6894060995184591 0.1094391244870041 0.26324237560192615
0 0.5813953488372093 0.47913322632423755 0.0677154582763338 0.16051364365971107
0 0.6333789329685362 0.37881219903691815 0.05813953488372093 0.14285714285714285
0 0.53077975376197 0.8892455858747994 0.07181942544459645 0.17495987158908508
0 0.6566347469220246 0.5818619582664526 0.09370725034199727 0.23434991974317818
0 0.6313269493844049 0.8756019261637239 0.08960328317373462 0.21829855537720708
0 0.6898084815321477 0.7624398073836276 0.06155950752393981 0.14606741573033707
0 0.707250341997264 0.9052969502407705 0.05540355677154583 0.15890850722311398
0 0.762311901504788 0.9012841091492777 0.057455540355677154 0.1476725521669342
0 0.7575239398084815 0.7038523274478331 0.08618331053351573 0.21187800963081863
0 0.8484952120383037 0.8434991974317817 0.12175102599179206 0.2825040128410915
