0 0.3378932968536252 0.8434991974317817 0.10328317373461013 0.24719101123595505
0 0.43673050615595077 0.8643659711075441 0.09028727770177838 0.21508828250401285
0 0.5041039671682627 0.680577849117175 0.10328317373461013 0.26484751203852325
0 0.5803693570451436 0.5698234349919743 0.06839945280437756 0.16211878009630817
0 0.6224350205198358 0.7279293739967897 0.08686730506155951 0.21829855537720708
0 0.5253077975376197 0.8892455858747994 0.0704514363885089 0.1781701444622793
0 0.5978112175102599 0.9012841091492777 0.05950752393980848 0.1508828250401284
0 0.6610807113543091 0.8996789727126806 0.06155950752393981 0.16051364365971107
0 0.6963064295485636 0.7744783306581059 0.06087551299589603 0.14446227929373998
0 0.7270861833105335 0.9085072231139647 0.06087551299589603 0.14606741573033707
0 0.8057455540355677 0.8426966292134831 0.1238030095759234 0.2841091492776886
