0 0.332421340629275 0.841091492776886 0.10328317373461013 0.24558587479935795
0 0.43057455540355677 0.8667736757624398 0.09439124487004104 0.2102728731942215
0 0.5153898768809849 0.8876404494382022 0.06976744186046512 0.1781701444622793
0 0.5844733242134063 0.906099518459069 0.060191518467852256 0.1476725521669342
0 0.6104651162790697 0.7343499197431782 0.08755129958960328 0.21187800963081863
0 0.6491108071135431 0.9028892455858748 0.06634746922024624 0.1637239165329053
0 0.7113543091655267 0.9093097913322632 0.06087551299589603 0.1348314606741573
0 0.7746238030095759 0.7825040128410915 0.1094391244870041 0.26324237560192615
0 0.8881668946648427 0.7399678972712681 0.1039671682626539 0.29373996789727125
0 0.8207934336525308 0.9093097913322632 0.06087551299589603 0.1348314606741573
0 0.887140902872777 0.9221508828250401 0.0704514363885089 0.1187800963081862
