0 0.5410396716826266 0.8547351524879615 0.10601915184678523 0.26003210272873195
0 0.6395348837209303 0.8739967897271268 0.08549931600547196 0.21508828250401285
0 0.7024623803009576 0.7191011235955056 0.08960328317373462 0.21348314606741572
0 0.7168262653898769 0.9052969502407705 0.06224350205198358 0.15569823434991975
0 0.7841997264021888 0.9085072231139647 0.060191518467852256 0.13643659711075443
0 0.8252393980848153 0.7913322632423756 0.06839945280437756 0.1653290529695024
0 0.8553351573187414 0.6500802568218299 0.057455540355677154 0.1492776886035313
0 0.8590971272229823 0.5112359550561798 0.06087551299589603 0.1348314606741573
0 0.893296853625171 0.38764044943820225 0.073187414500684 0.16051364365971107
0 0.9353625170998632 0.5754414125200642 0.1039671682626539 0.2375601926163724
0 0.9155266757865937 0.8434991974317817 0.11354309165526676 0.2825040128410915
