0 0.41928864569083446 0.8434991974317817 0.09507523939808482 0.2375601926163724
0 0.4835841313269494 0.6781701444622793 0.08686730506155951 0.2086677367576244
0 0.53077975376197 0.8691813804173355 0.09097127222982217 0.22150882825040127
0 0.5892612859097127 0.7471910112359551 0.07250341997264022 0.17014446227929375
0 0.6087551299589603 0.9044943820224719 0.06224350205198358 0.15409309791332262
0 0.6682626538987688 0.8635634028892456 0.06087551299589603 0.13643659711075443
0 0.7267441860465116 0.9093097913322632 0.06155950752393981 0.14125200642054575
0 0.7677838577291382 0.7889245585874799 0.06839945280437756 0.16693418940609953
0 0.7978796169630643 0.6556982343499197 0.057455540355677154 0.1476725521669342
0 0.8601231190150479 0.8354735152487961 0.11354309165526676 0.2825040128410915
0 0.8782489740082079 0.5754414125200642 0.10465116279069768 0.24719101123595505
