0 0.41928864569083446 0.8996789727126806 0.06087551299589603 0.1508828250401284
0 0.484610123119015 0.9125200642054575 0.06429548563611491 0.13804173354735153
0 0.5632694938440492 0.8683788121990369 0.08891928864569083 0.2231139646869984
0 0.5967852257181943 0.6837881219903692 0.06839945280437756 0.18459069020866772
0 0.6655266757865937 0.8434991974317817 0.09370725034199727 0.2375601926163724
0 0.7014363885088919 0.6484751203852327 0.08207934336525308 0.22632423756019263
0 0.7664158686730507 0.7632423756019262 0.06703146374829001 0.16693418940609953
0 0.7411080711354309 0.913322632423756 0.060191518467852256 0.13964686998394862
0 0.853625170998632 0.8451043338683788 0.10738714090287278 0.27929373996789725
0 0.8425102599179206 0.5810593900481541 0.10909712722298222 0.25842696629213485
0 0.7640218878248974 0.5329052969502408 0.05813953488372093 0.14606741573033707
