0 0.4777701778385773 0.9004815409309791 0.057455540355677154 0.1492776886035313
0 0.542749658002736 0.9077046548956661 0.06292749658002736 0.14125200642054575
0 0.6210670314637483 0.8667736757624398 0.08960328317373462 0.22632423756019263
0 0.6549247606019152 0.6821829855537721 0.06839945280437756 0.1781701444622793
0 0.7585499316005472 0.6484751203852327 0.08276333789329686 0.22953451043338685
0 0.7185362517099864 0.85553772070626 0.09712722298221614 0.26163723916532905
0 0.8235294117647058 0.7616372391653291 0.06361149110807114 0.16051364365971107
0 0.7982216142270862 0.9077046548956661 0.05813953488372093 0.14125200642054575
0 0.8190834473324213 0.536115569823435 0.057455540355677154 0.1492776886035313
0 0.9016757865937073 0.5850722311396469 0.10567715458276333 0.2568218298555377
0 0.9093707250341997 0.8426966292134831 0.10807113543091655 0.27768860353130015
