0 0.2725718194254446 0.8475120385232745 0.1012311901504788 0.24558587479935795
0 0.3741450068399453 0.862760834670947 0.09370725034199727 0.22150882825040127
0 0.4575923392612859 0.8836276083467095 0.06908344733242135 0.18298555377207062
0 0.5273597811217511 0.9052969502407705 0.06087551299589603 0.1492776886035313
0 0.5533515731874145 0.7351524879614767 0.08549931600547196 0.21669341894060995
0 0.5902872777017784 0.9028892455858748 0.06224350205198358 0.15730337078651685
0 0.6515047879616963 0.9125200642054575 0.06155950752393981 0.1348314606741573
0 0.7171682626538988 0.7817014446227929 0.11080711354309165 0.2712680577849117
0 0.7640218878248974 0.9093097913322632 0.05950752393980848 0.13804173354735153
0 0.8313953488372093 0.9261637239165329 0.06839945280437756 0.11396468699839486
0 0.8313953488372093 0.7367576243980738 0.10807113543091655 0.28731942215088285
