0 0.0704514363885089 0.4590690208667737 0.09370725034199727 0.22632423756019263
0 0.060191518467852256 0.6621187800963082 0.08002735978112176 0.17014446227929375
0 0.06361149110807114 0.8571428571428571 0.09233926128590972 0.21348314606741572
0 0.12688098495212038 0.5955056179775281 0.07660738714090287 0.1653290529695024
0 0.15047879616963064 0.43659711075441415 0.06497948016415869 0.14285714285714285
0 0.12482900136798905 0.7471910112359551 0.06703146374829001 0.1348314606741573
0 0.19151846785225718 0.6492776886035313 0.06361149110807114 0.1476725521669342
0 0.2075923392612859 0.5048154093097913 0.06429548563611491 0.13804173354735153
0 0.29001367989056087 0.6019261637239165 0.11559507523939809 0.27768860353130015
0 0.19596443228454172 0.8539325842696629 0.12038303693570451 0.24879614767255218
0 0.3057455540355677 0.8491171749598716 0.10054719562243503 0.23595505617977527
