0 0.27667578659370723 0.848314606741573 0.09849521203830369 0.24077046548956663
0 0.3789329685362517 0.8635634028892456 0.09233926128590972 0.22632423756019263
0 0.35157318741450067 0.6428571428571429 0.11149110807113544 0.2504012841091493
0 0.4408344733242134 0.5425361155698234 0.08755129958960328 0.20385232744783308
0 0.43980848153214774 0.7335473515248796 0.07181942544459645 0.1653290529695024
0 0.466484268125855 0.8892455858747994 0.07181942544459645 0.17495987158908508
0 0.5136798905608755 0.7624398073836276 0.05813953488372093 0.15569823434991975
0 0.5393296853625171 0.9036918138041734 0.06155950752393981 0.15890850722311398
0 0.5988372093023255 0.6861958266452648 0.11901504787961696 0.2857142857142857
0 0.6019151846785226 0.9020866773675762 0.06224350205198358 0.15569823434991975
0 0.6665526675786594 0.913322632423756 0.06155950752393981 0.15569823434991975
