0 0.16655266757865936 0.8956661316211878 0.060191518467852256 0.14285714285714285
0 0.24863201094391243 0.8467094703049759 0.1094391244870041 0.26003210272873195
0 0.286593707250342 0.6492776886035313 0.06908344733242135 0.17335473515248795
0 0.3320793433652531 0.48154093097913325 0.09028727770177838 0.20385232744783308
0 0.38953488372093026 0.6468699839486356 0.09028727770177838 0.2102728731942215
0 0.32729138166894667 0.7720706260032103 0.060191518467852256 0.14606741573033707
0 0.359781121751026 0.8940609951845907 0.06224350205198358 0.15890850722311398
0 0.4630642954856361 0.826645264847512 0.11559507523939809 0.29373996789727125
0 0.5536935704514364 0.7423756019261637 0.07250341997264022 0.17335473515248795
0 0.5437756497948016 0.9028892455858748 0.06497948016415869 0.1508828250401284
0 0.624829001367989 0.8579454253611557 0.09712722298221614 0.23434991974317818
