0 0.271203830369357 0.6677367576243981 0.1012311901504788 0.2680577849117175
0 0.19391244870041038 0.8571428571428571 0.08891928864569083 0.2102728731942215
0 0.3378932968536252 0.8523274478330658 0.10328317373461013 0.2520064205457464
0 0.4011627906976744 0.6821829855537721 0.07113543091655267 0.16853932584269662
0 0.43365253077975374 0.8635634028892456 0.08960328317373462 0.2231139646869984
0 0.49179206566347466 0.7399678972712681 0.06224350205198358 0.15569823434991975
0 0.518467852257182 0.8860353130016051 0.0704514363885089 0.1781701444622793
0 0.5841313269493844 0.6781701444622793 0.11559507523939809 0.2857142857142857
0 0.5841313269493844 0.9036918138041734 0.06224350205198358 0.15248796147672553
0 0.6497948016415869 0.9028892455858748 0.06224350205198358 0.15409309791332262
0 0.7144322845417237 0.9149277688603531 0.06429548563611491 0.14285714285714285
