0 0.056429548563611494 0.5401284109149278 0.06703146374829001 0.14446227929373998
0 0.12243502051983585 0.485553772070626 0.0786593707250342 0.16693418940609953
0 0.08105335157318741 0.6749598715890851 0.057455540355677154 0.1508828250401284
0 0.06292749658002736 0.8563402889245586 0.09097127222982217 0.21508828250401285
0 0.16176470588235295 0.8475120385232745 0.11491108071135431 0.26484751203852325
0 0.13953488372093023 0.6500802568218299 0.06224350205198358 0.1492776886035313
0 0.14432284541723667 0.3258426966292135 0.07455540355677155 0.15569823434991975
0 0.19220246238030095 0.42375601926163725 0.0677154582763338 0.13001605136436598
0 0.2417920656634747 0.6059390048154093 0.11764705882352941 0.2857142857142857
0 0.2807797537619699 0.8515248796147673 0.09986320109439124 0.2375601926163724
0 0.3912448700410397 0.8667736757624398 0.08960328317373462 0.21348314606741572
