0 0.4069767441860465 0.6428571428571429 0.11149110807113544 0.24398073836276082
0 0.33618331053351574 0.8475120385232745 0.10533515731874145 0.2391653290529695
0 0.4370725034199726 0.8635634028892456 0.09507523939808482 0.2231139646869984
0 0.49658002735978113 0.5417335473515249 0.08686730506155951 0.2086677367576244
0 0.49726402188782487 0.7335473515248796 0.07181942544459645 0.15569823434991975
0 0.5253077975376197 0.8860353130016051 0.07181942544459645 0.18138041733547353
0 0.5714774281805746 0.7608346709470305 0.060191518467852256 0.15569823434991975
0 0.5971272229822161 0.9020866773675762 0.06497948016415869 0.15569823434991975
0 0.6545827633378933 0.6845906902086677 0.11833105335157319 0.2825040128410915
0 0.6600547195622435 0.9044943820224719 0.06224350205198358 0.16051364365971107
0 0.7229822161422709 0.9077046548956661 0.06224350205198358 0.1476725521669342
