0 0.06155950752393981 0.8539325842696629 0.09097127222982217 0.2231139646869984
0 0.15971272229822162 0.8451043338683788 0.1121751025991792 0.2568218298555377
0 0.23837209302325582 0.6099518459069021 0.11764705882352941 0.2841091492776886
0 0.2780437756497948 0.848314606741573 0.09849521203830369 0.23434991974317818
0 0.29856361149110805 0.4261637239165329 0.06976744186046512 0.16051364365971107
0 0.3276333789329685 0.5569823434991974 0.06087551299589603 0.13643659711075443
0 0.3546511627906977 0.6934189406099518 0.06976744186046512 0.1653290529695024
0 0.39227086183310533 0.8643659711075441 0.08891928864569083 0.22150882825040127
0 0.46580027359781123 0.9044943820224719 0.06361149110807114 0.15409309791332262
0 0.5290697674418605 0.9052969502407705 0.06566347469220246 0.14606741573033707
0 0.591655266757866 0.9028892455858748 0.05950752393980848 0.1508828250401284
