0 0.24247606019151846 0.8451043338683788 0.1121751025991792 0.26003210272873195
0 0.3183994528043776 0.7576243980738363 0.06292749658002736 0.14285714285714285
0 0.380984952120383 0.6837881219903692 0.073187414500684 0.15569823434991975
0 0.35772913816689467 0.8948635634028892 0.06224350205198358 0.16051364365971107
0 0.4528043775649795 0.826645264847512 0.1238030095759234 0.2969502407704655
0 0.4333105335157319 0.593900481540931 0.060191518467852256 0.1332263242375602
0 0.5095759233926128 0.5971107544141252 0.08686730506155951 0.2102728731942215
0 0.5574555403556771 0.7439807383627608 0.0704514363885089 0.18298555377207062
0 0.5393296853625171 0.9012841091492777 0.06429548563611491 0.15409309791332262
0 0.6272229822161423 0.8611556982343499 0.09781121751025992 0.22792937399678972
0 0.6193570451436389 0.6235955056179775 0.09439124487004104 0.2086677367576244
