0 0.34678522571819426 0.8836276083467095 0.07181942544459645 0.17335473515248795
0 0.4162106703146375 0.9012841091492777 0.06292749658002736 0.14125200642054575
0 0.5095759233926128 0.8250401284109149 0.11422708618331054 0.29052969502407705
0 0.5690834473324213 0.6075441412520064 0.08413132694938441 0.21187800963081863
0 0.6949384404924761 0.6091492776886035 0.10875512995896033 0.24719101123595505
0 0.6193570451436389 0.7463884430176565 0.06839945280437756 0.1781701444622793
0 0.5984952120383037 0.8996789727126806 0.05950752393980848 0.15730337078651685
0 0.6918604651162791 0.8579454253611557 0.10259917920656635 0.2375601926163724
0 0.7941176470588235 0.8747993579454254 0.09097127222982217 0.21348314606741572
0 0.8478112175102599 0.7696629213483146 0.05471956224350205 0.14125200642054575
0 0.8679890560875513 0.9101123595505618 0.06087551299589603 0.14606741573033707
