0 0.12140902872777018 0.8547351524879615 0.09028727770177838 0.21508828250401285
0 0.21819425444596444 0.8459069020866774 0.11149110807113544 0.25842696629213485
0 0.29651162790697677 0.6099518459069021 0.11901504787961696 0.2841091492776886
0 0.35499316005471954 0.42776886035313 0.0704514363885089 0.16051364365971107
0 0.3850889192886457 0.557784911717496 0.06087551299589603 0.14125200642054575
0 0.34097127222982215 0.8491171749598716 0.1094391244870041 0.24237560192616373
0 0.4107387140902873 0.6926163723916533 0.06976744186046512 0.16051364365971107
0 0.4487004103967168 0.8643659711075441 0.08686730506155951 0.22150882825040127
0 0.5253077975376197 0.9012841091492777 0.05950752393980848 0.15409309791332262
0 0.5875512995896033 0.9052969502407705 0.06224350205198358 0.1492776886035313
0 0.6497948016415869 0.9044943820224719 0.05813953488372093 0.1508828250401284
