0 0.16073871409028728 0.5248796147672552 0.05950752393980848 0.1492776886035313
0 0.1378248974008208 0.6677367576243981 0.0560875512995896 0.15569823434991975
0 0.1210670314637483 0.8563402889245586 0.08823529411764706 0.21829855537720708
0 0.19801641586867305 0.6452648475120385 0.060191518467852256 0.15248796147672553
0 0.2978796169630643 0.6091492776886035 0.11627906976744186 0.2825040128410915
0 0.2188782489740082 0.8459069020866774 0.11012311901504789 0.26163723916532905
0 0.3385772913816689 0.8467094703049759 0.10328317373461013 0.24398073836276082
0 0.35567715458276333 0.42857142857142855 0.06908344733242135 0.1653290529695024
0 0.3850889192886457 0.557784911717496 0.05950752393980848 0.13162118780096307
0 0.4107387140902873 0.6934189406099518 0.06703146374829001 0.1653290529695024
0 0.45075239398084815 0.862760834670947 0.08960328317373462 0.22150882825040127
