0 0.07968536251709986 0.6717495987158909 0.0560875512995896 0.1476725521669342
0 0.06258549931600547 0.85553772070626 0.09028727770177838 0.21669341894060995
0 0.10225718194254446 0.5224719101123596 0.06292749658002736 0.15409309791332262
0 0.1378248974008208 0.6484751203852327 0.06292749658002736 0.14285714285714285
0 0.16039671682626538 0.848314606741573 0.1121751025991792 0.2664526484751204
0 0.2390560875512996 0.6115569823434992 0.11901504787961696 0.2969502407704655
0 0.27872777017783856 0.848314606741573 0.09986320109439124 0.2375601926163724
0 0.29958960328317374 0.42776886035313 0.0704514363885089 0.1637239165329053
0 0.3290013679890561 0.5569823434991974 0.06361149110807114 0.13964686998394862
0 0.3546511627906977 0.6926163723916533 0.06976744186046512 0.1637239165329053
0 0.39227086183310533 0.8651685393258427 0.09165526675786594 0.21990369181380418
