0 0.28830369357045144 0.884430176565008 0.07250341997264022 0.1653290529695024
0 0.3587551299589603 0.9012841091492777 0.06155950752393981 0.13804173354735153
0 0.4528043775649795 0.8234349919743178 0.11696306429548564 0.2969502407704655
0 0.5140218878248974 0.6051364365971108 0.08755129958960328 0.21348314606741572
0 0.5622435020519836 0.7487961476725522 0.0704514363885089 0.1797752808988764
0 0.5386456908344733 0.8996789727126806 0.058823529411764705 0.14446227929373998
0 0.6381668946648427 0.6147672552166934 0.11012311901504789 0.2520064205457464
0 0.6326949384404925 0.8587479935794543 0.09781121751025992 0.2391653290529695
0 0.7363201094391245 0.8747993579454254 0.09575923392612859 0.21990369181380418
0 0.7913816689466484 0.7680577849117175 0.05813953488372093 0.14446227929373998
0 0.8122435020519836 0.9117174959871589 0.060191518467852256 0.13964686998394862
