0 0.3905608755129959 0.4799357945425361 0.09097127222982217 0.20706260032102727
0 0.3430232558139535 0.6452648475120385 0.06976744186046512 0.16853932584269662
0 0.3071135430916553 0.8467094703049759 0.11149110807113544 0.2536115569823435
0 0.22332421340629274 0.8948635634028892 0.060191518467852256 0.1348314606741573
0 0.3850889192886457 0.7672552166934189 0.05950752393980848 0.15248796147672553
0 0.417578659370725 0.8972712680577849 0.06155950752393981 0.16211878009630817
0 0.4476744186046512 0.6460674157303371 0.08755129958960328 0.21187800963081863
0 0.5201778385772914 0.8258426966292135 0.1121751025991792 0.2953451043338684
0 0.603625170998632 0.9028892455858748 0.06155950752393981 0.1476725521669342
0 0.6125170998632011 0.7431781701444623 0.07113543091655267 0.17495987158908508
0 0.6839945280437757 0.8531300160513644 0.10465116279069768 0.2375601926163724
