0 0.16210670314637482 0.658908507223114 0.09370725034199727 0.21508828250401285
0 0.12140902872777018 0.8539325842696629 0.09028727770177838 0.2231139646869984
0 0.23734610123119015 0.7455858747993579 0.0704514363885089 0.17656500802568217
0 0.2924076607387141 0.630016051364366 0.06976744186046512 0.17335473515248795
0 0.2332421340629275 0.8940609951845907 0.05950752393980848 0.13964686998394862
0 0.31515047879616964 0.8491171749598716 0.11114911080711354 0.2520064205457464
0 0.393296853625171 0.7592295345104334 0.06087551299589603 0.15890850722311398
0 0.42339261285909713 0.8980738362760835 0.06224350205198358 0.16051364365971107
0 0.5143638850889193 0.8242375601926164 0.11559507523939809 0.2985553772070626
0 0.6049931600547196 0.9036918138041734 0.058823529411764705 0.1492776886035313
0 0.6850205198358413 0.8587479935794543 0.1039671682626539 0.24237560192616373
