0 0.13645690834473323 0.85553772070626 0.09439124487004104 0.2102728731942215
0 0.21272229822161423 0.6669341894060995 0.10191518467852258 0.2664526484751204
0 0.2780437756497948 0.8475120385232745 0.09712722298221614 0.24237560192616373
0 0.3450752393980848 0.6869983948635634 0.07113543091655267 0.16211878009630817
0 0.3755129958960328 0.8643659711075441 0.09097127222982217 0.2247191011235955
0 0.43399452804377564 0.7415730337078652 0.06155950752393981 0.14606741573033707
0 0.45896032831737343 0.8868378812199037 0.07181942544459645 0.1797752808988764
0 0.5259917920656635 0.6757624398073836 0.11833105335157319 0.29052969502407705
0 0.5263337893296853 0.9036918138041734 0.06292749658002736 0.14606741573033707
0 0.5923392612859097 0.9044943820224719 0.06087551299589603 0.15409309791332262
0 0.655608755129959 0.9173354735152488 0.06566347469220246 0.13804173354735153
