0 0.06326949384404924 0.8539325842696629 0.09028727770177838 0.21669341894060995
0 0.10362517099863201 0.6556982343499197 0.09302325581395349 0.21508828250401285
0 0.17920656634746923 0.7407704654895666 0.0704514363885089 0.17656500802568217
0 0.17510259917920656 0.8980738362760835 0.06361149110807114 0.13162118780096307
0 0.23495212038303692 0.6284109149277689 0.07250341997264022 0.17014446227929375
0 0.25649794801641584 0.8499197431781701 0.11012311901504789 0.2504012841091493
0 0.33652530779753764 0.7600321027287319 0.05813953488372093 0.15409309791332262
0 0.36696306429548564 0.8980738362760835 0.06292749658002736 0.15409309791332262
0 0.45656634746922026 0.8242375601926164 0.11491108071135431 0.3017656500802568
0 0.5475376196990424 0.9028892455858748 0.057455540355677154 0.15409309791332262
0 0.624829001367989 0.8579454253611557 0.09575923392612859 0.2247191011235955
