0 0.12790697674418605 0.45987158908507225 0.09097127222982217 0.22792937399678972
0 0.2075923392612859 0.43820224719101125 0.06566347469220246 0.14606741573033707
0 0.11867305061559508 0.6605136436597111 0.07660738714090287 0.16693418940609953
0 0.12175102599179206 0.8539325842696629 0.09233926128590972 0.21990369181380418
0 0.17647058823529413 0.7479935794542536 0.052667578659370724 0.13001605136436598
0 0.18433652530779754 0.5955056179775281 0.07523939808481532 0.16211878009630817
0 0.2647058823529412 0.5048154093097913 0.06224350205198358 0.14125200642054575
0 0.24794801641586867 0.6484751203852327 0.06429548563611491 0.1492776886035313
0 0.25444596443228457 0.8531300160513644 0.11833105335157319 0.2536115569823435
0 0.3454172366621067 0.6019261637239165 0.11833105335157319 0.2712680577849117
0 0.36764705882352944 0.8491171749598716 0.1039671682626539 0.2391653290529695
