0 0.301983584131327 0.8418940609951846 0.11080711354309165 0.2568218298555377
0 0.3755129958960328 0.7592295345104334 0.06224350205198358 0.13964686998394862
0 0.44015047879616964 0.6861958266452648 0.07250341997264022 0.1637239165329053
0 0.4162106703146375 0.8956661316211878 0.06155950752393981 0.15569823434991975
0 0.49179206566347466 0.5930979133226324 0.06497948016415869 0.1348314606741573
0 0.511969904240766 0.8234349919743178 0.11764705882352941 0.29373996789727125
0 0.5677154582763337 0.5995184590690209 0.08549931600547196 0.21508828250401285
0 0.6152530779753762 0.7439807383627608 0.06839945280437756 0.1797752808988764
0 0.594391244870041 0.8972712680577849 0.06224350205198358 0.1492776886035313
0 0.676812585499316 0.6243980738362761 0.09028727770177838 0.2102728731942215
0 0.6853625170998632 0.8587479935794543 0.10465116279069768 0.24237560192616373
