0 0.11320109439124487 0.5401284109149278 0.06429548563611491 0.14446227929373998
0 0.18194254445964433 0.48635634028892455 0.07455540355677155 0.16853932584269662
0 0.20109439124487005 0.32664526484751205 0.073187414500684 0.15409309791332262
0 0.25 0.42134831460674155 0.06566347469220246 0.12520064205457465
0 0.1405608755129959 0.673354735152488 0.060191518467852256 0.1508828250401284
0 0.20143638850889192 0.6460674157303371 0.06703146374829001 0.15730337078651685
0 0.29651162790697677 0.6099518459069021 0.11627906976744186 0.2841091492776886
0 0.12243502051983585 0.85553772070626 0.09233926128590972 0.21348314606741572
0 0.22093023255813954 0.8443017656500803 0.11012311901504789 0.2680577849117175
0 0.3399452804377565 0.8491171749598716 0.10328317373461013 0.23274478330658105
0 0.45075239398084815 0.8643659711075441 0.08686730506155951 0.21508828250401285
