0 0.056429548563611494 0.8739967897271268 0.07113543091655267 0.17656500802568217
0 0.09917920656634747 0.7447833065810594 0.05677154582763338 0.15569823434991975
0 0.12243502051983585 0.8884430176565008 0.06361149110807114 0.1508828250401284
0 0.15766073871409028 0.7479935794542536 0.07250341997264022 0.17495987158908508
0 0.2240082079343365 0.6195826645264848 0.09302325581395349 0.20706260032102727
0 0.18604651162790697 0.8900481540930979 0.06224350205198358 0.1476725521669342
0 0.277359781121751 0.8274478330658106 0.12311901504787962 0.2857142857142857
0 0.3960328317373461 0.8507223113964687 0.11559507523939809 0.2680577849117175
0 0.34678522571819426 0.622792937399679 0.09507523939808482 0.23274478330658105
0 0.4805061559507524 0.9093097913322632 0.06292749658002736 0.1348314606741573
0 0.6210670314637483 0.8756019261637239 0.08549931600547196 0.21829855537720708
