0 0.4179206566347469 0.9012841091492777 0.06224350205198358 0.1508828250401284
0 0.48666210670314636 0.8892455858747994 0.07113543091655267 0.18459069020866772
0 0.5690834473324213 0.8491171749598716 0.09507523939808482 0.22953451043338685
0 0.6569767441860465 0.7865168539325843 0.06976744186046512 0.16853932584269662
0 0.7034883720930233 0.5834670947030498 0.12038303693570451 0.2857142857142857
0 0.7886456908344733 0.7263242375601926 0.08823529411764706 0.20545746388443017
0 0.7311901504787962 0.8723916532905297 0.09507523939808482 0.21829855537720708
0 0.8611491108071135 0.797752808988764 0.06224350205198358 0.13001605136436598
0 0.8279753761969905 0.9101123595505618 0.06155950752393981 0.14606741573033707
0 0.877906976744186 0.5987158908507223 0.1094391244870041 0.26484751203852325
0 0.9028727770177839 0.9149277688603531 0.06087551299589603 0.14285714285714285
