0 0.33002735978112174 0.8836276083467095 0.07387140902872777 0.17656500802568217
0 0.4213406292749658 0.8250401284109149 0.1210670314637483 0.29052969502407705
0 0.5140218878248974 0.8892455858747994 0.07250341997264022 0.1781701444622793
0 0.5369357045143639 0.7383627608346709 0.05950752393980848 0.14285714285714285
0 0.6063611491108071 0.6276083467094703 0.09986320109439124 0.23274478330658105
0 0.6132010943912448 0.8715890850722311 0.09165526675786594 0.21669341894060995
0 0.6877564979480164 0.7576243980738363 0.08344733242134063 0.2102728731942215
0 0.728796169630643 0.9077046548956661 0.06155950752393981 0.14446227929373998
0 0.7917236662106704 0.9101123595505618 0.06155950752393981 0.13964686998394862
0 0.8317373461012312 0.7592295345104334 0.11422708618331054 0.25842696629213485
0 0.8953488372093024 0.9093097913322632 0.06087551299589603 0.15409309791332262
