0 0.5136798905608755 0.8250401284109149 0.11422708618331054 0.29373996789727125
0 0.594733242134063 0.9020866773675762 0.06155950752393981 0.14606741573033707
0 0.6162790697674418 0.7423756019261637 0.0677154582763338 0.17335473515248795
0 0.6853625170998632 0.6107544141252006 0.10875512995896033 0.2504012841091493
0 0.6904924760601915 0.85553772070626 0.106703146374829 0.2391653290529695
0 0.7547879616963065 0.7191011235955056 0.06155950752393981 0.1653290529695024
0 0.8204514363885089 0.8780096308186196 0.09028727770177838 0.21348314606741572
0 0.862859097127223 0.6861958266452648 0.08344733242134063 0.20545746388443017
0 0.9213406292749658 0.7897271268057785 0.06087551299589603 0.13001605136436598
0 0.8929548563611491 0.9093097913322632 0.0560875512995896 0.14446227929373998
0 0.9596443228454172 0.9085072231139647 0.06087551299589603 0.14285714285714285
