0 0.11422708618331054 0.8731942215088283 0.07455540355677155 0.17174959871589085
0 0.15492476060191518 0.7463884430176565 0.057455540355677154 0.15248796147672553
0 0.21785225718194254 0.7463884430176565 0.06839945280437756 0.17174959871589085
0 0.18091655266757867 0.8852327447833066 0.06155950752393981 0.15409309791332262
0 0.28522571819425446 0.6235955056179775 0.09097127222982217 0.2086677367576244
0 0.39979480164158687 0.6123595505617978 0.10533515731874145 0.24719101123595505
0 0.3341313269493844 0.8282504012841091 0.12175102599179206 0.2841091492776886
0 0.24281805745554036 0.891653290529695 0.05950752393980848 0.15409309791332262
0 0.454172366621067 0.8539325842696629 0.11559507523939809 0.26484751203852325
0 0.5372777017783857 0.9093097913322632 0.06703146374829001 0.13804173354735153
0 0.6781805745554036 0.8747993579454254 0.08481532147742818 0.21669341894060995
