0 0.0560875512995896 0.8756019261637239 0.073187414500684 0.17335473515248795
0 0.09917920656634747 0.7544141252006421 0.05813953488372093 0.1492776886035313
0 0.12209302325581395 0.8876404494382022 0.06429548563611491 0.15248796147672553
0 0.1880984952120383 0.8924558587479936 0.06224350205198358 0.1492776886035313
0 0.16108071135430915 0.7479935794542536 0.07113543091655267 0.17174959871589085
0 0.11627906976744186 0.5609951845906902 0.08549931600547196 0.21508828250401285
0 0.19186046511627908 0.41653290529695025 0.09439124487004104 0.23113964686998395
0 0.23050615595075238 0.6292134831460674 0.09233926128590972 0.20706260032102727
0 0.28317373461012313 0.8306581059390048 0.12243502051983585 0.2825040128410915
0 0.35294117647058826 0.6781701444622793 0.05813953488372093 0.14125200642054575
0 0.4020177838577291 0.8475120385232745 0.11456908344733242 0.27768860353130015
