0 0.7585499316005472 0.5898876404494382 0.1210670314637483 0.27929373996789725
0 0.7151162790697675 0.7865168539325843 0.06703146374829001 0.16853932584269662
0 0.6296169630642955 0.8611556982343499 0.10259917920656635 0.24398073836276082
0 0.5437756497948016 0.8876404494382022 0.0677154582763338 0.1781701444622793
0 0.47674418604651164 0.9028892455858748 0.06087551299589603 0.1476725521669342
0 0.7876196990424077 0.8747993579454254 0.09712722298221614 0.21669341894060995
0 0.8471272229822161 0.7255216693418941 0.08618331053351573 0.20706260032102727
0 0.9343365253077975 0.5987158908507223 0.10601915184678523 0.26163723916532905
0 0.9172366621067032 0.7953451043338684 0.06361149110807114 0.13162118780096307
0 0.8837209302325582 0.9028892455858748 0.06224350205198358 0.1508828250401284
0 0.957592339261286 0.9149277688603531 0.06361149110807114 0.13964686998394862
