0 0.643296853625171 0.6669341894060995 0.11764705882352941 0.2696629213483146
0 0.6330369357045144 0.8908507223113965 0.06976744186046512 0.17174959871589085
0 0.7222982216142271 0.8747993579454254 0.09781121751025992 0.21990369181380418
0 0.7831737346101231 0.7319422150882825 0.09097127222982217 0.2102728731942215
0 0.7240082079343365 0.5064205457463884 0.06976744186046512 0.15730337078651685
0 0.8532831737346102 0.8154093097913323 0.06292749658002736 0.1332263242375602
0 0.8101915184678523 0.9085072231139647 0.060191518467852256 0.14606741573033707
0 0.8758549931600548 0.6308186195826645 0.11354309165526676 0.24558587479935795
0 0.786593707250342 0.5601926163723917 0.06087551299589603 0.13964686998394862
0 0.8300273597811217 0.4069020866773676 0.09575923392612859 0.21829855537720708
0 0.9028727770177839 0.9101123595505618 0.06087551299589603 0.1492776886035313
