0 0.45998632010943913 0.8443017656500803 0.11627906976744186 0.27447833065810595
0 0.4103967168262654 0.6741573033707865 0.05677154582763338 0.14285714285714285
0 0.34062927496580025 0.8282504012841091 0.12243502051983585 0.28731942215088285
0 0.2448700410396717 0.8908507223113965 0.06361149110807114 0.15248796147672553
0 0.21751025991792067 0.7487961476725522 0.0704514363885089 0.18298555377207062
0 0.286593707250342 0.6276083467094703 0.09097127222982217 0.20706260032102727
0 0.25376196990424077 0.40529695024077045 0.10054719562243503 0.24398073836276082
0 0.17270861833105336 0.5601926163723917 0.08755129958960328 0.21348314606741572
0 0.15595075239398085 0.7504012841091493 0.05813953488372093 0.1476725521669342
0 0.11456908344733242 0.8723916532905297 0.07113543091655267 0.16693418940609953
0 0.18057455540355677 0.8892455858747994 0.06497948016415869 0.15569823434991975
