0 0.9548563611491108 0.9077046548956661 0.06224350205198358 0.15730337078651685
0 0.8891928864569083 0.7608346709470305 0.10875512995896033 0.2520064205457464
0 0.847469220246238 0.9117174959871589 0.06361149110807114 0.13643659711075443
0 0.7824897400820794 0.9020866773675762 0.06224350205198358 0.14606741573033707
0 0.743844049247606 0.7568218298555377 0.08344733242134063 0.21187800963081863
0 0.6716826265389877 0.8723916532905297 0.08823529411764706 0.22150882825040127
0 0.6672366621067032 0.6139646869983949 0.10259917920656635 0.26003210272873195
0 0.5933652530779754 0.7343499197431782 0.057455540355677154 0.1476725521669342
0 0.5718194254445964 0.8900481540930979 0.07455540355677155 0.17014446227929375
0 0.47708618331053354 0.8218298555377207 0.12175102599179206 0.2808988764044944
0 0.38850889192886456 0.8820224719101124 0.0704514363885089 0.16693418940609953
