0 0.6997264021887825 0.6669341894060995 0.11559507523939809 0.27287319422150885
0 0.6911764705882353 0.8900481540930979 0.06703146374829001 0.1637239165329053
0 0.7783857729138167 0.5064205457463884 0.06908344733242135 0.1508828250401284
0 0.8820109439124487 0.39847512038523275 0.09575923392612859 0.2319422150882825
0 0.841655266757866 0.5561797752808989 0.06155950752393981 0.14125200642054575
0 0.8409712722298222 0.7303370786516854 0.08891928864569083 0.20385232744783308
0 0.7790697674418605 0.877207062600321 0.09644322845417237 0.21187800963081863
0 0.8673050615595075 0.9052969502407705 0.06087551299589603 0.1492776886035313
0 0.9110807113543091 0.8113964686998395 0.06087551299589603 0.14125200642054575
0 0.9319425444596443 0.630016051364366 0.11627906976744186 0.24719101123595505
0 0.960328317373461 0.9093097913322632 0.06087551299589603 0.14446227929373998
