0 0.24521203830369356 0.7287319422150883 0.06292749658002736 0.15569823434991975
0 0.21751025991792067 0.8796147672552167 0.07181942544459645 0.1781701444622793
0 0.32489740082079344 0.8258426966292135 0.1210670314637483 0.2825040128410915
0 0.4432284541723666 0.8491171749598716 0.11149110807113544 0.26484751203852325
0 0.4948700410396717 0.6765650080256822 0.060191518467852256 0.14125200642054575
0 0.6094391244870041 0.680577849117175 0.10465116279069768 0.24237560192616373
0 0.5283857729138167 0.8033707865168539 0.058823529411764705 0.15409309791332262
0 0.5844733242134063 0.891653290529695 0.06976744186046512 0.17014446227929375
0 0.670656634746922 0.8683788121990369 0.08207934336525308 0.21348314606741572
0 0.7479480164158687 0.7969502407704655 0.08481532147742818 0.22150882825040127
0 0.8054035567715458 0.9069020866773676 0.060191518467852256 0.14606741573033707
