0 0.16073871409028728 0.8780096308186196 0.073187414500684 0.17174959871589085
0 0.1877564979480164 0.7271268057784912 0.06292749658002736 0.15248796147672553
0 0.2657318741450068 0.8306581059390048 0.12311901504787962 0.27929373996789725
0 0.38406292749658005 0.8507223113964687 0.11491108071135431 0.25842696629213485
0 0.4353625170998632 0.6773675762439807 0.06292749658002736 0.14606741573033707
0 0.46990424076607384 0.8033707865168539 0.06224350205198358 0.1476725521669342
0 0.5266757865937073 0.891653290529695 0.0704514363885089 0.1797752808988764
0 0.5543775649794802 0.6934189406099518 0.09712722298221614 0.2391653290529695
0 0.6125170998632011 0.8707865168539326 0.09028727770177838 0.21829855537720708
0 0.6922024623803009 0.7945425361155698 0.08413132694938441 0.21990369181380418
0 0.7489740082079344 0.9077046548956661 0.06224350205198358 0.14446227929373998
