0 0.4606703146374829 0.8402889245585875 0.1121751025991792 0.27608346709470305
0 0.3433652530779754 0.8282504012841091 0.11969904240766074 0.2808988764044944
0 0.253077975376197 0.891653290529695 0.06361149110807114 0.15409309791332262
0 0.2872777017783858 0.6316211878009631 0.08960328317373462 0.21187800963081863
0 0.210328317373461 0.49036918138041735 0.09986320109439124 0.2536115569823435
0 0.14227086183310533 0.40770465489566615 0.05677154582763338 0.14285714285714285
0 0.1265389876880985 0.5930979133226324 0.08960328317373462 0.21829855537720708
0 0.15937072503419972 0.7504012841091493 0.05540355677154583 0.14446227929373998
0 0.11764705882352941 0.869983948635634 0.07181942544459645 0.17174959871589085
0 0.1826265389876881 0.8868378812199037 0.06361149110807114 0.15730337078651685
0 0.2216142270861833 0.7536115569823435 0.07181942544459645 0.17335473515248795
