0 0.08515731874145006 0.40529695024077045 0.0560875512995896 0.14125200642054575
0 0.0673734610123119 0.5930979133226324 0.08891928864569083 0.22150882825040127
0 0.1515047879616963 0.5016051364365971 0.09575923392612859 0.2247191011235955
0 0.10225718194254446 0.7495987158908507 0.058823529411764705 0.14606741573033707
0 0.05848153214774282 0.8723916532905297 0.07113543091655267 0.17335473515248795
0 0.1234610123119015 0.8868378812199037 0.06292749658002736 0.15730337078651685
0 0.16381668946648426 0.7552166934189406 0.07250341997264022 0.17656500802568217
0 0.23153214774281805 0.6316211878009631 0.09165526675786594 0.21187800963081863
0 0.19528043775649795 0.8956661316211878 0.06429548563611491 0.1492776886035313
0 0.2869357045143639 0.8290529695024077 0.12311901504787962 0.28892455858747995
0 0.40253077975376195 0.8475120385232745 0.11354309165526676 0.27768860353130015
