0 0.45348837209302323 0.8258426966292135 0.11559507523939809 0.2953451043338684
0 0.5595075239398085 0.7487961476725522 0.073187414500684 0.17335473515248795
0 0.536593707250342 0.9004815409309791 0.06155950752393981 0.15569823434991975
0 0.6296169630642955 0.8579454253611557 0.09712722298221614 0.24077046548956663
0 0.6292749658002736 0.6123595505617978 0.11149110807113544 0.2504012841091493
0 0.7000683994528044 0.7231139646869984 0.06566347469220246 0.17014446227929375
0 0.8033515731874145 0.6886035313001605 0.08755129958960328 0.2102728731942215
0 0.7633378932968536 0.8788121990369181 0.09097127222982217 0.21508828250401285
0 0.8638850889192886 0.7897271268057785 0.06224350205198358 0.13001605136436598
0 0.8365253077975376 0.9093097913322632 0.05813953488372093 0.14446227929373998
0 0.9015047879616963 0.9077046548956661 0.06224350205198358 0.14446227929373998
