0 0.5386456908344733 0.8932584269662921 0.07250341997264022 0.17014446227929375
0 0.627906976744186 0.8603531300160514 0.09644322845417237 0.23595505617977527
0 0.686046511627907 0.7006420545746388 0.073187414500684 0.1637239165329053
0 0.7246922024623803 0.877207062600321 0.09575923392612859 0.21829855537720708
0 0.7852257181942545 0.7351524879614767 0.08823529411764706 0.20706260032102727
0 0.6802325581395349 0.5280898876404494 0.060191518467852256 0.14285714285714285
0 0.7756497948016415 0.4895666131621188 0.1238030095759234 0.28731942215088285
0 0.8782489740082079 0.6203852327447833 0.11012311901504789 0.2536115569823435
0 0.8570451436388509 0.8081861958266453 0.06361149110807114 0.12841091492776885
0 0.8177154582763337 0.9101123595505618 0.06155950752393981 0.14285714285714285
0 0.902530779753762 0.913322632423756 0.06429548563611491 0.1492776886035313
