0 0.832421340629275 0.485553772070626 0.11833105335157319 0.28892455858747995
0 0.7366621067031464 0.5304975922953451 0.05950752393980848 0.14125200642054575
0 0.7435020519835841 0.6974317817014446 0.0704514363885089 0.1637239165329053
0 0.6843365253077975 0.8563402889245586 0.09712722298221614 0.24719101123595505
0 0.594733242134063 0.8940609951845907 0.07113543091655267 0.17174959871589085
0 0.7821477428180574 0.8731942215088283 0.09439124487004104 0.21348314606741572
0 0.8433652530779754 0.7335473515248796 0.08823529411764706 0.2102728731942215
0 0.9339945280437757 0.6171749598715891 0.10807113543091655 0.24398073836276082
0 0.914500683994528 0.8065810593900482 0.06224350205198358 0.14125200642054575
0 0.8744870041039672 0.9085072231139647 0.060191518467852256 0.14285714285714285
0 0.9589603283173734 0.9141252006420546 0.06497948016415869 0.1476725521669342
