0 0.771203830369357 0.4438202247191011 0.09986320109439124 0.2375601926163724
0 0.725718194254446 0.6837881219903692 0.11422708618331054 0.29373996789727125
0 0.6822845417236663 0.8892455858747994 0.06976744186046512 0.18459069020866772
0 0.7862517099863201 0.8747993579454254 0.09849521203830369 0.21348314606741572
0 0.8464432284541724 0.7255216693418941 0.08618331053351573 0.20064205457463885
0 0.8491792065663475 0.5513643659711075 0.0560875512995896 0.14446227929373998
0 0.874829001367989 0.4245585874799358 0.0677154582763338 0.16051364365971107
0 0.9343365253077975 0.6035313001605136 0.11012311901504789 0.2552166934189406
0 0.917578659370725 0.7945425361155698 0.060191518467852256 0.13964686998394862
0 0.8833789329685362 0.9085072231139647 0.06155950752393981 0.14285714285714285
0 0.9586183310533516 0.9125200642054575 0.06155950752393981 0.1508828250401284
