0 0.5420656634746922 0.8418940609951846 0.10533515731874145 0.27287319422150885
0 0.5889192886456909 0.6171749598715891 0.08823529411764706 0.21187800963081863
0 0.6874145006839946 0.6380417335473515 0.07455540355677155 0.16693418940609953
0 0.6518467852257182 0.8362760834670947 0.11559507523939809 0.30337078651685395
0 0.7417920656634747 0.7504012841091493 0.05471956224350205 0.1476725521669342
0 0.7520519835841313 0.5818619582664526 0.07113543091655267 0.16693418940609953
0 0.813953488372093 0.7335473515248796 0.08960328317373462 0.2231139646869984
0 0.810875512995896 0.9117174959871589 0.06155950752393981 0.13964686998394862
0 0.8679890560875513 0.5698234349919743 0.05950752393980848 0.14285714285714285
0 0.9001367989056087 0.6910112359550562 0.06634746922024624 0.14446227929373998
0 0.887140902872777 0.877207062600321 0.08960328317373462 0.2086677367576244
