0 0.44528043775649795 0.8756019261637239 0.11149110807113544 0.18940609951845908
0 0.5530095759233926 0.5617977528089888 0.09849521203830369 0.24879614767255218
0 0.509233926128591 0.7439807383627608 0.06292749658002736 0.14125200642054575
0 0.5957592339261286 0.8322632423756019 0.1210670314637483 0.2857142857142857
0 0.640218878248974 0.622792937399679 0.08686730506155951 0.20385232744783308
0 0.6846785225718194 0.7720706260032103 0.06908344733242135 0.17174959871589085
0 0.7390560875512996 0.891653290529695 0.07113543091655267 0.17014446227929375
0 0.8081395348837209 0.9149277688603531 0.06155950752393981 0.13964686998394862
0 0.8700410396716827 0.9189406099518459 0.05813953488372093 0.1348314606741573
0 0.9514363885088919 0.7014446227929374 0.05813953488372093 0.13964686998394862
0 0.945280437756498 0.8764044943820225 0.09097127222982217 0.21669341894060995
