0 0.33088235294117646 0.8418940609951846 0.10362517099863201 0.26003210272873195
0 0.3813269493844049 0.6685393258426966 0.057455540355677154 0.15409309791332262
0 0.4384404924760602 0.5521669341894061 0.09233926128590972 0.20706260032102727
0 0.4483584131326949 0.3707865168539326 0.060191518467852256 0.14606741573033707
0 0.5047879616963065 0.2881219903691814 0.0704514363885089 0.1637239165329053
0 0.5034199726402189 0.44703049759229535 0.06361149110807114 0.1476725521669342
0 0.5341997264021888 0.6436597110754414 0.11422708618331054 0.26484751203852325
0 0.4353625170998632 0.7399678972712681 0.07250341997264022 0.1653290529695024
0 0.42031463748290016 0.8980738362760835 0.06155950752393981 0.14125200642054575
0 0.4993160054719562 0.8635634028892456 0.08686730506155951 0.21348314606741572
0 0.6043091655266758 0.8346709470304976 0.12311901504787962 0.29052969502407705
