0 0.1935704514363885 0.5666131621187801 0.06361149110807114 0.14606741573033707
0 0.15047879616963064 0.7134831460674157 0.10054719562243503 0.21187800963081863
0 0.2595759233926129 0.6869983948635634 0.10533515731874145 0.2680577849117175
0 0.179890560875513 0.884430176565008 0.06224350205198358 0.15569823434991975
0 0.11285909712722299 0.8723916532905297 0.0704514363885089 0.17014446227929375
0 0.2715458276333789 0.8948635634028892 0.06224350205198358 0.1508828250401284
0 0.35191518467852256 0.8298555377207063 0.09986320109439124 0.2712680577849117
0 0.4428864569083447 0.7415730337078652 0.07250341997264022 0.16853932584269662
0 0.42818057455540354 0.898876404494382 0.06224350205198358 0.14285714285714285
0 0.5068399452804377 0.8675762439807384 0.08823529411764706 0.20545746388443017
0 0.6087551299589603 0.8346709470304976 0.12243502051983585 0.2808988764044944
