0 0.597469220246238 0.841091492776886 0.106703146374829 0.2680577849117175
0 0.6467168262653898 0.6203852327447833 0.09165526675786594 0.2086677367576244
0 0.7455540355677155 0.6396468699839486 0.07181942544459645 0.17335473515248795
0 0.7089603283173734 0.8370786516853933 0.11491108071135431 0.3017656500802568
0 0.8091655266757866 0.5778491171749599 0.0704514363885089 0.15890850722311398
0 0.7992476060191519 0.7504012841091493 0.057455540355677154 0.14446227929373998
0 0.8738030095759234 0.7182985553772071 0.09712722298221614 0.24719101123595505
0 0.9247606019151847 0.5682182985553772 0.06497948016415869 0.13964686998394862
0 0.9582763337893296 0.6958266452648475 0.0677154582763338 0.1476725521669342
0 0.9456224350205198 0.8820224719101124 0.09165526675786594 0.2086677367576244
0 0.8666210670314638 0.9157303370786517 0.06224350205198358 0.14125200642054575
