0 0.33036935704514364 0.841091492776886 0.10875512995896033 0.2520064205457464
0 0.3761969904240766 0.6693418940609952 0.05540355677154583 0.15248796147672553
0 0.399452804377565 0.5353130016051364 0.06087551299589603 0.14446227929373998
0 0.472640218878249 0.5802568218298555 0.09233926128590972 0.2086677367576244
0 0.42886456908344733 0.7399678972712681 0.07181942544459645 0.17174959871589085
0 0.4127906976744186 0.8908507223113965 0.06155950752393981 0.14285714285714285
0 0.5348837209302325 0.7118780096308186 0.06224350205198358 0.14446227929373998
0 0.49897400820793436 0.8643659711075441 0.08618331053351573 0.22150882825040127
0 0.5940492476060192 0.6460674157303371 0.06976744186046512 0.16693418940609953
0 0.6032831737346102 0.8443017656500803 0.10601915184678523 0.25842696629213485
0 0.7127222982216143 0.8354735152487961 0.11422708618331054 0.3017656500802568
