0 0.05677154582763338 0.8756019261637239 0.06908344733242135 0.16693418940609953
0 0.11969904240766074 0.8868378812199037 0.05813953488372093 0.15730337078651685
0 0.19288645690834474 0.891653290529695 0.06634746922024624 0.15730337078651685
0 0.27667578659370723 0.8507223113964687 0.09849521203830369 0.24237560192616373
0 0.32113543091655267 0.6725521669341894 0.0560875512995896 0.1492776886035313
0 0.3755129958960328 0.5441412520064205 0.08960328317373462 0.20706260032102727
0 0.37824897400820795 0.7391653290529695 0.06908344733242135 0.17014446227929375
0 0.3625170998632011 0.8996789727126806 0.06361149110807114 0.14446227929373998
0 0.4411764705882353 0.8683788121990369 0.09097127222982217 0.2102728731942215
0 0.47178522571819426 0.6412520064205457 0.11593707250341997 0.26324237560192615
0 0.5451436388508892 0.841091492776886 0.11969904240766074 0.27768860353130015
