0 0.4357045143638851 0.8467094703049759 0.11012311901504789 0.24719101123595505
0 0.551641586867305 0.841091492776886 0.12175102599179206 0.2808988764044944
0 0.6374829001367989 0.7568218298555377 0.0677154582763338 0.1637239165329053
0 0.7202462380300958 0.7375601926163724 0.09097127222982217 0.23113964686998395
0 0.6545827633378933 0.9237560192616372 0.073187414500684 0.10914927768860354
0 0.7609439124487004 0.5826645264847512 0.06429548563611491 0.1492776886035313
0 0.7496580027359782 0.913322632423756 0.06634746922024624 0.14285714285714285
0 0.8101915184678523 0.7367576243980738 0.09439124487004104 0.23595505617977527
0 0.810875512995896 0.9157303370786517 0.06429548563611491 0.13804173354735153
0 0.8929548563611491 0.6966292134831461 0.06155950752393981 0.13643659711075443
0 0.8867989056087552 0.8812199036918138 0.09028727770177838 0.21669341894060995
