0 0.5222298221614227 0.6958266452648475 0.08481532147742818 0.21829855537720708
0 0.5023939808481532 0.8868378812199037 0.07250341997264022 0.17014446227929375
0 0.6019151846785226 0.8434991974317817 0.10328317373461013 0.2664526484751204
0 0.6590287277701778 0.6107544141252006 0.08755129958960328 0.2086677367576244
0 0.7229822161422709 0.48796147672552165 0.0677154582763338 0.16853932584269662
0 0.7780437756497948 0.39085072231139645 0.057455540355677154 0.14125200642054575
0 0.7900136798905609 0.5393258426966292 0.06087551299589603 0.14606741573033707
0 0.7445280437756497 0.6388443017656501 0.06292749658002736 0.14606741573033707
0 0.7123803009575923 0.8394863563402889 0.11354309165526676 0.3001605136436597
0 0.8149794801641587 0.7375601926163724 0.09986320109439124 0.24719101123595505
0 0.8409712722298222 0.9109149277688604 0.06155950752393981 0.13162118780096307
