0 0.2725718194254446 0.8507223113964687 0.09712722298221614 0.2391653290529695
0 0.31908344733242133 0.6717495987158909 0.0560875512995896 0.1508828250401284
0 0.3426812585499316 0.5304975922953451 0.05950752393980848 0.14446227929373998
0 0.35499316005471954 0.8932584269662921 0.06224350205198358 0.1508828250401284
0 0.3738030095759234 0.7423756019261637 0.07250341997264022 0.16693418940609953
0 0.4168946648426813 0.5842696629213483 0.09575923392612859 0.20706260032102727
0 0.4418604651162791 0.8659711075441413 0.08960328317373462 0.21829855537720708
0 0.48084815321477425 0.7142857142857143 0.06087551299589603 0.13964686998394862
0 0.5345417236662107 0.6476725521669342 0.07113543091655267 0.16693418940609953
0 0.5458276333789329 0.8479133226324238 0.10738714090287278 0.2608346709470305
0 0.655608755129959 0.8426966292134831 0.11491108071135431 0.2969502407704655
