0 0.12038303693570451 0.24398073836276082 0.09917920656634747 0.25842696629213485
0 0.0786593707250342 0.40930979133226325 0.05813953488372093 0.14285714285714285
0 0.0677154582763338 0.5947030497592295 0.08960328317373462 0.2247191011235955
0 0.15082079343365254 0.5096308186195827 0.09439124487004104 0.22792937399678972
0 0.10499316005471956 0.7528089887640449 0.058823529411764705 0.14285714285714285
0 0.16655266757865936 0.7560192616372392 0.07113543091655267 0.17495987158908508
0 0.06087551299589603 0.8747993579454254 0.07181942544459645 0.17174959871589085
0 0.12585499316005472 0.8900481540930979 0.0677154582763338 0.15409309791332262
0 0.1993844049247606 0.8932584269662921 0.06292749658002736 0.14125200642054575
0 0.2332421340629275 0.6308186195826645 0.09097127222982217 0.20385232744783308
0 0.28830369357045144 0.8274478330658106 0.12038303693570451 0.29213483146067415
