0 0.38919288645690836 0.8756019261637239 0.11149110807113544 0.18940609951845908
0 0.45006839945280436 0.7383627608346709 0.05950752393980848 0.14285714285714285
0 0.5393296853625171 0.8346709470304976 0.12038303693570451 0.29052969502407705
0 0.496922024623803 0.5666131621187801 0.09302325581395349 0.22953451043338685
0 0.5861833105335157 0.6203852327447833 0.08549931600547196 0.20545746388443017
0 0.6282489740082079 0.7728731942215088 0.06839945280437756 0.17335473515248795
0 0.6816005471956225 0.8908507223113965 0.07250341997264022 0.17174959871589085
0 0.7503419972640218 0.9101123595505618 0.06361149110807114 0.14285714285714285
0 0.810875512995896 0.9165329052969502 0.06155950752393981 0.13964686998394862
0 0.8874829001367989 0.8820224719101124 0.09028727770177838 0.21508828250401285
0 0.8956908344733242 0.6990369181380417 0.0560875512995896 0.13804173354735153
