0 0.37790697674418605 0.7335473515248796 0.06976744186046512 0.16853932584269662
0 0.36183310533515733 0.8948635634028892 0.06361149110807114 0.14446227929373998
0 0.43946648426812585 0.8667736757624398 0.08891928864569083 0.21348314606741572
0 0.46682626538987687 0.6861958266452648 0.06155950752393981 0.14446227929373998
0 0.5314637482900136 0.6428571428571429 0.0704514363885089 0.17014446227929375
0 0.5458276333789329 0.8479133226324238 0.10601915184678523 0.2608346709470305
0 0.5545485636114911 0.4887640449438202 0.06121751025991792 0.15409309791332262
0 0.6090971272229823 0.6019261637239165 0.08618331053351573 0.21669341894060995
0 0.6566347469220246 0.8426966292134831 0.11559507523939809 0.29373996789727125
0 0.7606019151846786 0.7383627608346709 0.09370725034199727 0.22953451043338685
0 0.7794117647058824 0.9109149277688604 0.058823529411764705 0.1348314606741573
