0 0.4933310533515732 0.8443017656500803 0.10978112175102599 0.24558587479935795
0 0.6101231190150479 0.8354735152487961 0.11833105335157319 0.2825040128410915
0 0.6942544459644323 0.7552166934189406 0.0677154582763338 0.15730337078651685
0 0.7780437756497948 0.7391653290529695 0.09165526675786594 0.22792937399678972
0 0.713406292749658 0.9253611556982343 0.07181942544459645 0.10593900481540931
0 0.8190834473324213 0.5842696629213483 0.057455540355677154 0.14285714285714285
0 0.8662790697674418 0.7263242375601926 0.09712722298221614 0.24398073836276082
0 0.9490424076607387 0.6974317817014446 0.0560875512995896 0.14125200642054575
0 0.9459644322845417 0.8788121990369181 0.08960328317373462 0.21508828250401285
0 0.8081395348837209 0.9085072231139647 0.06429548563611491 0.14285714285714285
0 0.8673050615595075 0.9189406099518459 0.06224350205198358 0.12841091492776885
