0 0.054035567715458276 0.8731942215088283 0.07181942544459645 0.18138041733547353
0 0.09131326949384405 0.7174959871589085 0.09849521203830369 0.21669341894060995
0 0.13679890560875513 0.5674157303370787 0.06087551299589603 0.13804173354735153
0 0.2021203830369357 0.687800963081862 0.10807113543091655 0.2696629213483146
0 0.12140902872777018 0.8876404494382022 0.06429548563611491 0.15569823434991975
0 0.21272229822161423 0.8940609951845907 0.06634746922024624 0.15248796147672553
0 0.29309165526675784 0.8459069020866774 0.09712722298221614 0.24237560192616373
0 0.38611491108071133 0.7407704654895666 0.07250341997264022 0.17335473515248795
0 0.3707250341997264 0.8996789727126806 0.06497948016415869 0.14446227929373998
0 0.4487004103967168 0.8707865168539326 0.08960328317373462 0.21187800963081863
0 0.5530095759233926 0.8386837881219904 0.12311901504787962 0.27929373996789725
