0 0.11251709986320109 0.8747993579454254 0.07113543091655267 0.16853932584269662
0 0.17852257181942544 0.8828250401284109 0.05950752393980848 0.15890850722311398
0 0.25136798905608754 0.891653290529695 0.06566347469220246 0.15409309791332262
0 0.33036935704514364 0.8459069020866774 0.10601915184678523 0.2520064205457464
0 0.37859097127222985 0.6669341894060995 0.057455540355677154 0.1508828250401284
0 0.4333105335157319 0.543338683788122 0.08891928864569083 0.2086677367576244
0 0.4357045143638851 0.7455858747993579 0.0704514363885089 0.1637239165329053
0 0.4213406292749658 0.8956661316211878 0.06224350205198358 0.15248796147672553
0 0.49794801641586867 0.8659711075441413 0.08823529411764706 0.21829855537720708
0 0.5294117647058824 0.6388443017656501 0.11422708618331054 0.26484751203852325
0 0.6019151846785226 0.8378812199036918 0.1210670314637483 0.2841091492776886
