0 0.466484268125855 0.6998394863563403 0.08686730506155951 0.21348314606741572
0 0.4466484268125855 0.8852327447833066 0.07455540355677155 0.17335473515248795
0 0.5444596443228454 0.8451043338683788 0.10601915184678523 0.2664526484751204
0 0.5984952120383037 0.6107544141252006 0.09097127222982217 0.20545746388443017
0 0.6542407660738714 0.8394863563402889 0.11354309165526676 0.3001605136436597
0 0.6672366621067032 0.4911717495987159 0.06703146374829001 0.16853932584269662
0 0.6874145006839946 0.637239165329053 0.06361149110807114 0.14285714285714285
0 0.7212722298221614 0.39325842696629215 0.058823529411764705 0.1492776886035313
0 0.7322161422708618 0.5385232744783307 0.060191518467852256 0.1508828250401284
0 0.7609439124487004 0.7407704654895666 0.09439124487004104 0.23434991974317818
0 0.7848837209302325 0.9125200642054575 0.060191518467852256 0.14125200642054575
