0 0.43433652530779754 0.7319422150882825 0.0677154582763338 0.17174959871589085
0 0.4182626538987688 0.898876404494382 0.06292749658002736 0.1492776886035313
0 0.49589603283173733 0.8675762439807384 0.09233926128590972 0.2247191011235955
0 0.5235978112175103 0.6837881219903692 0.06292749658002736 0.14606741573033707
0 0.5889192886456909 0.64446227929374 0.0677154582763338 0.1797752808988764
0 0.6118331053351573 0.49036918138041735 0.06292749658002736 0.15409309791332262
0 0.6012311901504788 0.8459069020866774 0.10601915184678523 0.26484751203852325
0 0.6651846785225718 0.5987158908507223 0.08755129958960328 0.2102728731942215
0 0.7144322845417237 0.8378812199036918 0.11764705882352941 0.29373996789727125
0 0.8156634746922025 0.7311396468699839 0.1039671682626539 0.2504012841091493
0 0.8365253077975376 0.9149277688603531 0.06361149110807114 0.13001605136436598
