0 0.27393980848153215 0.8515248796147673 0.09712722298221614 0.24077046548956663
0 0.3235294117647059 0.6725521669341894 0.05677154582763338 0.14606741573033707
0 0.36388508891928867 0.898876404494382 0.06361149110807114 0.14606741573033707
0 0.3789329685362517 0.7423756019261637 0.07181942544459645 0.16693418940609953
0 0.3813269493844049 0.5529695024077047 0.09028727770177838 0.2086677367576244
0 0.39227086183310533 0.37158908507223115 0.060191518467852256 0.1476725521669342
0 0.4487004103967168 0.28731942215088285 0.07181942544459645 0.16211878009630817
0 0.4469904240766074 0.4462279293739968 0.060191518467852256 0.14285714285714285
0 0.4777701778385773 0.6436597110754414 0.11491108071135431 0.25842696629213485
0 0.4418604651162791 0.8667736757624398 0.08960328317373462 0.21669341894060995
0 0.54890560875513 0.8378812199036918 0.12038303693570451 0.2808988764044944
