0 0.17783857729138167 0.24157303370786518 0.10054719562243503 0.2568218298555377
0 0.13679890560875513 0.4117174959871589 0.06361149110807114 0.13804173354735153
0 0.12585499316005472 0.593900481540931 0.08686730506155951 0.22632423756019263
0 0.2082763337893297 0.492776886035313 0.09849521203830369 0.2552166934189406
0 0.29001367989056087 0.6284109149277689 0.08960328317373462 0.20224719101123595
0 0.2219562243502052 0.7560192616372392 0.07523939808481532 0.17495987158908508
0 0.1631326949384405 0.7528089887640449 0.05198358413132695 0.15248796147672553
0 0.11935704514363885 0.8739967897271268 0.07113543091655267 0.17335473515248795
0 0.18604651162790697 0.8884430176565008 0.06224350205198358 0.1476725521669342
0 0.25649794801641584 0.8924558587479936 0.06497948016415869 0.14606741573033707
0 0.34610123119015046 0.8234349919743178 0.11696306429548564 0.28731942215088285
