0 0.3091655266757866 0.8820224719101124 0.073187414500684 0.17014446227929375
0 0.37756497948016415 0.9028892455858748 0.06361149110807114 0.14125200642054575
0 0.35704514363885087 0.71669341894061 0.08686730506155951 0.22792937399678972
0 0.43365253077975374 0.6195826645264848 0.08686730506155951 0.2102728731942215
0 0.457250341997264 0.8515248796147673 0.10807113543091655 0.26324237560192615
0 0.5673734610123119 0.7191011235955056 0.09712722298221614 0.24879614767255218
0 0.5321477428180574 0.8996789727126806 0.06224350205198358 0.1508828250401284
0 0.5940492476060192 0.9052969502407705 0.06429548563611491 0.14606741573033707
0 0.658686730506156 0.9077046548956661 0.06497948016415869 0.1476725521669342
0 0.7205882352941176 0.8924558587479936 0.06976744186046512 0.17174959871589085
