0 0.39192886456908343 0.85553772070626 0.11422708618331054 0.2680577849117175
0 0.4165526675786594 0.651685393258427 0.05813953488372093 0.13964686998394862
0 0.4941860465116279 0.702247191011236 0.10807113543091655 0.23434991974317818
0 0.5088919288645691 0.8964686998394864 0.06361149110807114 0.15409309791332262
0 0.5923392612859097 0.8346709470304976 0.1210670314637483 0.29052969502407705
0 0.5707934336525308 0.622792937399679 0.0560875512995896 0.1332263242375602
0 0.6569767441860465 0.6556982343499197 0.09302325581395349 0.21187800963081863
0 0.6839945280437757 0.8370786516853933 0.0677154582763338 0.16051364365971107
0 0.753077975376197 0.8924558587479936 0.06908344733242135 0.16853932584269662
0 0.7982216142270862 0.7375601926163724 0.08823529411764706 0.21187800963081863
0 0.8242134062927496 0.9141252006420546 0.05950752393980848 0.13804173354735153
