0 0.4107387140902873 0.8964686998394864 0.06429548563611491 0.16051364365971107
0 0.509233926128591 0.833868378812199 0.12038303693570451 0.29213483146067415
0 0.6032831737346102 0.71669341894061 0.09233926128590972 0.21187800963081863
0 0.5954172366621067 0.8996789727126806 0.06155950752393981 0.15409309791332262
0 0.6617647058823529 0.8932584269662921 0.07113543091655267 0.17335473515248795
0 0.7329001367989056 0.8964686998394864 0.07113543091655267 0.17656500802568217
0 0.7024623803009576 0.7576243980738363 0.06634746922024624 0.14285714285714285
0 0.8009575923392613 0.7680577849117175 0.09507523939808482 0.24398073836276082
0 0.8854309165526676 0.7078651685393258 0.057455540355677154 0.13964686998394862
0 0.8854309165526676 0.8828250401284109 0.08891928864569083 0.2102728731942215
