0 0.46751025991792067 0.8956661316211878 0.06155950752393981 0.15569823434991975
0 0.5656634746922025 0.8330658105939005 0.11969904240766074 0.2808988764044944
0 0.6593707250341997 0.7174959871589085 0.09370725034199727 0.20706260032102727
0 0.7606019151846786 0.7576243980738363 0.06361149110807114 0.14606741573033707
0 0.6515047879616963 0.8980738362760835 0.0560875512995896 0.15730337078651685
0 0.71922024623803 0.8932584269662921 0.06839945280437756 0.1797752808988764
0 0.789671682626539 0.8980738362760835 0.07387140902872777 0.1797752808988764
0 0.8614911080711354 0.7736757624398074 0.106703146374829 0.26163723916532905
0 0.9432284541723667 0.7038523274478331 0.05677154582763338 0.13804173354735153
0 0.9418604651162791 0.8804173354735152 0.08823529411764706 0.21187800963081863
