0 0.36627906976744184 0.8796147672552167 0.07387140902872777 0.16853932584269662
0 0.4124487004103967 0.7182985553772071 0.08686730506155951 0.2247191011235955
0 0.4897400820793434 0.6187800963081862 0.08686730506155951 0.20224719101123595
0 0.515218878248974 0.8491171749598716 0.10772913816689467 0.2552166934189406
0 0.436046511627907 0.8996789727126806 0.06429548563611491 0.1348314606741573
0 0.6272229822161423 0.7182985553772071 0.10054719562243503 0.24398073836276082
0 0.5902872777017784 0.8980738362760835 0.05950752393980848 0.1476725521669342
0 0.652530779753762 0.9012841091492777 0.06361149110807114 0.15409309791332262
0 0.7175102599179206 0.9028892455858748 0.06224350205198358 0.15409309791332262
0 0.7770177838577291 0.8908507223113965 0.07181942544459645 0.1653290529695024
