0 0.32558139534883723 0.8595505617977528 0.09370725034199727 0.22150882825040127
0 0.39295485636114913 0.6781701444622793 0.09849521203830369 0.2504012841091493
0 0.40013679890560877 0.8940609951845907 0.06224350205198358 0.15890850722311398
0 0.45998632010943913 0.862760834670947 0.06155950752393981 0.1508828250401284
0 0.48734610123119015 0.5385232744783307 0.12448700410396717 0.26324237560192615
0 0.5324897400820794 0.7255216693418941 0.0560875512995896 0.14606741573033707
0 0.5277017783857729 0.8828250401284109 0.06839945280437756 0.16853932584269662
0 0.6802325581395349 0.8980738362760835 0.06155950752393981 0.14446227929373998
0 0.7465800273597811 0.891653290529695 0.06839945280437756 0.17656500802568217
0 0.609781121751026 0.8451043338683788 0.09575923392612859 0.26324237560192615
