0 0.04993160054719562 0.8780096308186196 0.0786593707250342 0.17495987158908508
0 0.08276333789329686 0.7199036918138042 0.06361149110807114 0.15730337078651685
0 0.1409028727770178 0.8386837881219904 0.10465116279069768 0.26003210272873195
0 0.19562243502051985 0.5553772070626003 0.1238030095759234 0.24879614767255218
0 0.22093023255813954 0.7495987158908507 0.05950752393980848 0.1492776886035313
0 0.2811217510259918 0.8635634028892456 0.08823529411764706 0.2231139646869984
0 0.3337893296853625 0.6685393258426966 0.11422708618331054 0.2568218298555377
0 0.393296853625171 0.8603531300160514 0.09097127222982217 0.2231139646869984
0 0.4688782489740082 0.9093097913322632 0.06155950752393981 0.14125200642054575
0 0.533515731874145 0.9149277688603531 0.06908344733242135 0.11396468699839486
