0 0.25683994528043774 0.8619582664526485 0.09302325581395349 0.2231139646869984
0 0.3433652530779754 0.6857945425361156 0.11969904240766074 0.28009630818619585
0 0.33584131326949385 0.8964686998394864 0.05950752393980848 0.14446227929373998
0 0.39740082079343364 0.8924558587479936 0.05950752393980848 0.14606741573033707
0 0.4278385772913817 0.7616372391653291 0.057455540355677154 0.1637239165329053
0 0.45348837209302323 0.6115569823434992 0.07181942544459645 0.16211878009630817
0 0.4640902872777018 0.8828250401284109 0.06839945280437756 0.17174959871589085
0 0.5143638850889193 0.7343499197431782 0.09097127222982217 0.21508828250401285
0 0.6870725034199726 0.9069020866773676 0.057455540355677154 0.13643659711075443
0 0.6063611491108071 0.8747993579454254 0.11491108071135431 0.24558587479935795
