0 0.0646374829001368 0.7142857142857143 0.06155950752393981 0.14285714285714285
0 0.049247606019151846 0.8788121990369181 0.07729138166894665 0.17014446227929375
0 0.12414500683994528 0.6356340288924559 0.0560875512995896 0.13964686998394862
0 0.13953488372093023 0.8515248796147673 0.09917920656634747 0.24077046548956663
0 0.22674418604651161 0.6966292134831461 0.11080711354309165 0.2552166934189406
0 0.2270861833105335 0.8972712680577849 0.06497948016415869 0.14285714285714285
0 0.29993160054719564 0.8619582664526485 0.08755129958960328 0.22632423756019263
0 0.37859097127222985 0.9052969502407705 0.06839945280437756 0.14606741573033707
0 0.42578659370725036 0.7359550561797753 0.12311901504787962 0.27287319422150885
0 0.4521203830369357 0.9141252006420546 0.06634746922024624 0.11235955056179775
