0 0.10909712722298222 0.8788121990369181 0.07797537619699042 0.17014446227929375
0 0.12243502051983585 0.7134831460674157 0.06224350205198358 0.1476725521669342
0 0.18023255813953487 0.6364365971107544 0.057455540355677154 0.14446227929373998
0 0.19904240766073872 0.8362760834670947 0.10191518467852258 0.25842696629213485
0 0.28454172366621067 0.6958266452648475 0.10875512995896033 0.26003210272873195
0 0.2869357045143639 0.9036918138041734 0.06292749658002736 0.13964686998394862
0 0.3587551299589603 0.8643659711075441 0.08618331053351573 0.23113964686998395
0 0.4384404924760602 0.9044943820224719 0.0677154582763338 0.1476725521669342
0 0.4839261285909713 0.7335473515248796 0.12175102599179206 0.27768860353130015
0 0.5102599179206566 0.9077046548956661 0.06634746922024624 0.11556982343499198
