0 0.33652530779753764 0.6869983948635634 0.09917920656634747 0.23274478330658105
0 0.2667578659370725 0.8651685393258427 0.09370725034199727 0.22632423756019263
0 0.3433652530779754 0.8948635634028892 0.06087551299589603 0.1476725521669342
0 0.40321477428180574 0.8643659711075441 0.06155950752393981 0.15409309791332262
0 0.47024623803009574 0.8876404494382022 0.06976744186046512 0.17174959871589085
0 0.47537619699042405 0.7271268057784912 0.06087551299589603 0.14606741573033707
0 0.436046511627907 0.5393258426966292 0.11764705882352941 0.2712680577849117
0 0.6231190150478796 0.8996789727126806 0.05950752393980848 0.16051364365971107
0 0.6898084815321477 0.8924558587479936 0.06839945280437756 0.17174959871589085
0 0.554719562243502 0.833868378812199 0.10054719562243503 0.27608346709470305
