0 0.11046511627906977 0.8780096308186196 0.07660738714090287 0.1781701444622793
0 0.140218878248974 0.7231139646869984 0.06634746922024624 0.1508828250401284
0 0.25136798905608754 0.5529695024077047 0.12448700410396717 0.2504012841091493
0 0.19904240766073872 0.8394863563402889 0.09917920656634747 0.26484751203852325
0 0.2780437756497948 0.7455858747993579 0.060191518467852256 0.1508828250401284
0 0.3909028727770178 0.6685393258426966 0.11080711354309165 0.26324237560192615
0 0.3385772913816689 0.8579454253611557 0.08686730506155951 0.22150882825040127
0 0.4521203830369357 0.8643659711075441 0.09233926128590972 0.22150882825040127
0 0.5266757865937073 0.9077046548956661 0.06361149110807114 0.14125200642054575
0 0.5901162790697675 0.913322632423756 0.070109439124487 0.12038523274478331
