0 0.39808481532147744 0.680577849117175 0.11833105335157319 0.27768860353130015
0 0.3146374829001368 0.8659711075441413 0.08823529411764706 0.21187800963081863
0 0.39158686730506154 0.8948635634028892 0.058823529411764705 0.14446227929373998
0 0.4835841313269494 0.7592295345104334 0.05540355677154583 0.13964686998394862
0 0.4551983584131327 0.8940609951845907 0.057455540355677154 0.1492776886035313
0 0.5218878248974008 0.8868378812199037 0.06497948016415869 0.17014446227929375
0 0.5085499316005472 0.608346709470305 0.06429548563611491 0.1653290529695024
0 0.5704514363885089 0.7303370786516854 0.08686730506155951 0.20706260032102727
0 0.743844049247606 0.9077046548956661 0.0533515731874145 0.14125200642054575
0 0.6651846785225718 0.8667736757624398 0.11354309165526676 0.2520064205457464
