0 0.4729822161422709 0.8651685393258427 0.08755129958960328 0.21990369181380418
0 0.5311217510259918 0.7383627608346709 0.060191518467852256 0.1492776886035313
0 0.5571135430916553 0.8876404494382022 0.06839945280437756 0.16853932584269662
0 0.6002051983584131 0.7704654895666132 0.0560875512995896 0.14606741573033707
0 0.6323529411764706 0.906099518459069 0.058823529411764705 0.15409309791332262
0 0.6963064295485636 0.7423756019261637 0.12243502051983585 0.2985553772070626
0 0.7845417236662107 0.6693418940609952 0.0677154582763338 0.16211878009630817
0 0.7886456908344733 0.869983948635634 0.10738714090287278 0.22632423756019263
0 0.8478112175102599 0.7311396468699839 0.06703146374829001 0.13804173354735153
0 0.887140902872777 0.8756019261637239 0.08686730506155951 0.22150882825040127
