0 0.5687414500683995 0.8884430176565008 0.07113543091655267 0.17335473515248795
0 0.6176470588235294 0.7664526484751204 0.05677154582763338 0.1476725521669342
0 0.6395348837209303 0.9020866773675762 0.06224350205198358 0.14606741573033707
0 0.6682626538987688 0.6460674157303371 0.08549931600547196 0.21829855537720708
0 0.7339261285909713 0.8298555377207063 0.12243502051983585 0.3001605136436597
0 0.810875512995896 0.6260032102728732 0.1012311901504788 0.21990369181380418
0 0.8826949384404925 0.5473515248796148 0.0506155950752394 0.14285714285714285
0 0.8454172366621067 0.8611556982343499 0.10738714090287278 0.24077046548956663
0 0.9209986320109439 0.6982343499197432 0.06976744186046512 0.16853932584269662
0 0.9435704514363885 0.8796147672552167 0.08891928864569083 0.2231139646869984
