0 0.5191518467852257 0.8651685393258427 0.08823529411764706 0.2231139646869984
0 0.5991792065663475 0.7431781701444623 0.06087551299589603 0.15248796147672553
0 0.5937072503419972 0.8956661316211878 0.05813953488372093 0.16211878009630817
0 0.6603967168262654 0.5979133226324238 0.1012311901504788 0.2504012841091493
0 0.7417920656634747 0.7455858747993579 0.06839945280437756 0.16693418940609953
0 0.761969904240766 0.906099518459069 0.05950752393980848 0.15409309791332262
0 0.8074555403556771 0.8178170144462279 0.06703146374829001 0.14125200642054575
0 0.8669630642954856 0.8964686998394864 0.07113543091655267 0.17335473515248795
0 0.9445964432284542 0.8756019261637239 0.08960328317373462 0.21829855537720708
0 0.6771545827633378 0.8611556982343499 0.11149110807113544 0.26324237560192615
