0 0.5314637482900136 0.8651685393258427 0.08823529411764706 0.2231139646869984
0 0.5865253077975376 0.7343499197431782 0.057455540355677154 0.14125200642054575
0 0.6138850889192886 0.8852327447833066 0.07250341997264022 0.17335473515248795
0 0.6559507523939808 0.7688603531300161 0.05813953488372093 0.15569823434991975
0 0.6884404924760602 0.9028892455858748 0.058823529411764705 0.14446227929373998
0 0.7547879616963065 0.7439807383627608 0.11491108071135431 0.2953451043338684
0 0.841313269493844 0.6701444622792937 0.06908344733242135 0.17656500802568217
0 0.8450752393980848 0.8707865168539326 0.1039671682626539 0.23113964686998395
0 0.9066347469220246 0.7287319422150883 0.06839945280437756 0.13964686998394862
0 0.9439124487004104 0.8780096308186196 0.09097127222982217 0.21669341894060995
