0 0.5554035567715458 0.7688603531300161 0.06634746922024624 0.13964686998394862
0 0.511969904240766 0.8868378812199037 0.06839945280437756 0.16051364365971107
0 0.582421340629275 0.9028892455858748 0.058823529411764705 0.14446227929373998
0 0.6138850889192886 0.6468699839486356 0.08618331053351573 0.20064205457463885
0 0.6805745554035568 0.8394863563402889 0.11559507523939809 0.29373996789727125
0 0.7493160054719562 0.6284109149277689 0.09165526675786594 0.22150882825040127
0 0.7879616963064295 0.8671749598715891 0.10465116279069768 0.22552166934189405
0 0.8283173734610123 0.5457463884430177 0.052667578659370724 0.13643659711075443
0 0.8652530779753762 0.6990369181380417 0.073187414500684 0.15730337078651685
0 0.8847469220246238 0.8796147672552167 0.09028727770177838 0.2231139646869984
