0 0.4743502051983584 0.862760834670947 0.08755129958960328 0.23113964686998395
0 0.5444596443228454 0.9012841091492777 0.05950752393980848 0.16051364365971107
0 0.6268809849521204 0.8499197431781701 0.1039671682626539 0.2664526484751204
0 0.66484268125855 0.6757624398073836 0.0704514363885089 0.16853932584269662
0 0.7325581395348837 0.709470304975923 0.05813953488372093 0.13964686998394862
0 0.7062243502051984 0.8451043338683788 0.057455540355677154 0.1476725521669342
0 0.771203830369357 0.8980738362760835 0.06429548563611491 0.16051364365971107
0 0.8064295485636115 0.7126805778491172 0.09370725034199727 0.21669341894060995
0 0.8683310533515732 0.5208667736757624 0.12175102599179206 0.27287319422150885
0 0.8854309165526676 0.8764044943820225 0.09165526675786594 0.21348314606741572
