0 0.4627222982216142 0.8715890850722311 0.08618331053351573 0.21669341894060995
0 0.5352257181942545 0.8980738362760835 0.06155950752393981 0.1476725521669342
0 0.5410396716826266 0.7487961476725522 0.06224350205198358 0.1476725521669342
0 0.6012311901504788 0.6115569823434992 0.09370725034199727 0.2391653290529695
0 0.6850205198358413 0.7471910112359551 0.06839945280437756 0.17335473515248795
0 0.7045143638850889 0.9109149277688604 0.05813953488372093 0.14446227929373998
0 0.75 0.8202247191011236 0.06566347469220246 0.14285714285714285
0 0.8091655266757866 0.8956661316211878 0.0759233926128591 0.1781701444622793
0 0.8881668946648427 0.8788121990369181 0.08755129958960328 0.21829855537720708
0 0.618844049247606 0.8619582664526485 0.11183310533515732 0.2552166934189406
