0 0.53077975376197 0.8651685393258427 0.08823529411764706 0.22953451043338685
0 0.6043091655266758 0.9036918138041734 0.058823529411764705 0.15569823434991975
0 0.6850205198358413 0.8571428571428571 0.106703146374829 0.2712680577849117
0 0.7229822161422709 0.6749598715890851 0.073187414500684 0.1637239165329053
0 0.7626538987688098 0.841091492776886 0.06224350205198358 0.15248796147672553
0 0.789671682626539 0.7062600321027287 0.06155950752393981 0.14606741573033707
0 0.8679890560875513 0.7174959871589085 0.10738714090287278 0.23274478330658105
0 0.8276333789329685 0.8964686998394864 0.0704514363885089 0.17335473515248795
0 0.9254445964432284 0.521669341894061 0.1238030095759234 0.2808988764044944
0 0.9428864569083447 0.8764044943820225 0.09302325581395349 0.2231139646869984
