0 0.12824897400820792 0.8764044943820225 0.07934336525307797 0.18780096308186195
0 0.17886456908344733 0.6966292134831461 0.09439124487004104 0.22632423756019263
0 0.2448700410396717 0.7544141252006421 0.06087551299589603 0.1492776886035313
0 0.20041039671682626 0.8940609951845907 0.06497948016415869 0.15890850722311398
0 0.28385772913816687 0.8796147672552167 0.073187414500684 0.16853932584269662
0 0.3372093023255814 0.7399678972712681 0.10054719562243503 0.2391653290529695
0 0.3683310533515732 0.9012841091492777 0.06155950752393981 0.14125200642054575
0 0.4415184678522572 0.8691813804173355 0.08755129958960328 0.23113964686998395
0 0.5194938440492476 0.8972712680577849 0.057455540355677154 0.14606741573033707
0 0.4357045143638851 0.6364365971107544 0.10465116279069768 0.23434991974317818
