0 0.3512311901504788 0.6958266452648475 0.10533515731874145 0.24719101123595505
0 0.3385772913816689 0.8964686998394864 0.06224350205198358 0.15409309791332262
0 0.4162106703146375 0.8635634028892456 0.08618331053351573 0.2231139646869984
0 0.4952120383036936 0.7343499197431782 0.0704514363885089 0.16693418940609953
0 0.4887140902872777 0.8980738362760835 0.06155950752393981 0.15409309791332262
0 0.5807113543091655 0.8386837881219904 0.1210670314637483 0.27608346709470305
0 0.6224350205198358 0.6484751203852327 0.06634746922024624 0.1332263242375602
0 0.6785225718194254 0.898876404494382 0.073187414500684 0.17174959871589085
0 0.6976744186046512 0.7086677367576244 0.08823529411764706 0.21829855537720708
0 0.7821477428180574 0.8611556982343499 0.11627906976744186 0.26324237560192615
