0 0.23392612859097128 0.6934189406099518 0.08960328317373462 0.22632423756019263
0 0.18604651162790697 0.8756019261637239 0.0786593707250342 0.17014446227929375
0 0.3016415868673051 0.7552166934189406 0.06224350205198358 0.1508828250401284
0 0.259233926128591 0.8884430176565008 0.0677154582763338 0.15409309791332262
0 0.3909028727770178 0.7359550561797753 0.10807113543091655 0.2568218298555377
0 0.3399452804377565 0.8796147672552167 0.0704514363885089 0.17495987158908508
0 0.42305061559507523 0.8956661316211878 0.06292749658002736 0.14285714285714285
0 0.49863201094391246 0.8651685393258427 0.08960328317373462 0.2231139646869984
0 0.5759233926128591 0.8996789727126806 0.05677154582763338 0.15730337078651685
0 0.49555403556771543 0.6348314606741573 0.10807113543091655 0.24719101123595505
