0 0.19835841313269495 0.8467094703049759 0.10601915184678523 0.26324237560192615
0 0.27667578659370723 0.8900481540930979 0.0560875512995896 0.15730337078651685
0 0.34165526675786595 0.819422150882825 0.06703146374829001 0.16693418940609953
0 0.39774281805745554 0.6982343499197432 0.05471956224350205 0.14285714285714285
0 0.4186046511627907 0.8651685393258427 0.09097127222982217 0.21990369181380418
0 0.4774281805745554 0.7447833065810594 0.0677154582763338 0.14285714285714285
0 0.4911080711354309 0.8980738362760835 0.06087551299589603 0.1476725521669342
0 0.5246238030095759 0.6099518459069021 0.08823529411764706 0.2102728731942215
0 0.5807113543091655 0.841091492776886 0.1210670314637483 0.29373996789727125
0 0.6761285909712722 0.891653290529695 0.07113543091655267 0.17656500802568217
