0 0.14227086183310533 0.8418940609951846 0.09644322845417237 0.24719101123595505
0 0.21751025991792067 0.8964686998394864 0.05540355677154583 0.1508828250401284
0 0.28385772913816687 0.8162118780096308 0.0677154582763338 0.16693418940609953
0 0.3426812585499316 0.6966292134831461 0.05540355677154583 0.13964686998394862
0 0.36149110807113544 0.8691813804173355 0.08891928864569083 0.21187800963081863
0 0.41997264021887826 0.7479935794542536 0.06634746922024624 0.13964686998394862
0 0.4357045143638851 0.9004815409309791 0.06087551299589603 0.15248796147672553
0 0.5225718194254446 0.8378812199036918 0.11559507523939809 0.2808988764044944
0 0.4685362517099863 0.6075441412520064 0.08823529411764706 0.21187800963081863
0 0.6166210670314638 0.8932584269662921 0.07387140902872777 0.17014446227929375
