0 0.29856361149110805 0.6998394863563403 0.09575923392612859 0.2391653290529695
0 0.2807797537619699 0.9028892455858748 0.06566347469220246 0.15730337078651685
0 0.36046511627906974 0.869983948635634 0.09097127222982217 0.20706260032102727
0 0.524281805745554 0.8467094703049759 0.12038303693570451 0.2857142857142857
0 0.4387824897400821 0.7423756019261637 0.06976744186046512 0.17014446227929375
0 0.43296853625171 0.9028892455858748 0.06361149110807114 0.1476725521669342
0 0.6190150478796169 0.8948635634028892 0.07181942544459645 0.1797752808988764
0 0.5687414500683995 0.6468699839486356 0.06429548563611491 0.13643659711075443
0 0.6436388508891929 0.7086677367576244 0.08823529411764706 0.21187800963081863
0 0.7240082079343365 0.8611556982343499 0.11491108071135431 0.26324237560192615
