0 0.12893296853625172 0.680577849117175 0.09302325581395349 0.21348314606741572
0 0.11114911080711354 0.8707865168539326 0.07523939808481532 0.17656500802568217
0 0.19151846785225718 0.85553772070626 0.08960328317373462 0.21990369181380418
0 0.28283173734610123 0.673354735152488 0.11354309165526676 0.28892455858747995
0 0.2616279069767442 0.8900481540930979 0.06155950752393981 0.15409309791332262
0 0.37123803009575923 0.49197431781701445 0.10909712722298222 0.2375601926163724
0 0.38816689466484267 0.7343499197431782 0.10533515731874145 0.24398073836276082
0 0.3382352941176471 0.8812199036918138 0.07250341997264022 0.1653290529695024
0 0.42270861833105333 0.8996789727126806 0.06361149110807114 0.1348314606741573
0 0.49726402188782487 0.8980738362760835 0.06497948016415869 0.14446227929373998
