0 0.05232558139534884 0.8780096308186196 0.07113543091655267 0.18138041733547353
0 0.0704514363885089 0.6829855537720706 0.09507523939808482 0.21508828250401285
0 0.22674418604651161 0.6749598715890851 0.11491108071135431 0.28892455858747995
0 0.13166894664842682 0.8587479935794543 0.09165526675786594 0.22632423756019263
0 0.20451436388508892 0.8932584269662921 0.06224350205198358 0.15409309791332262
0 0.2807797537619699 0.8836276083467095 0.07387140902872777 0.17335473515248795
0 0.33515731874145005 0.7383627608346709 0.09781121751025992 0.21990369181380418
0 0.31497948016415867 0.49558587479935795 0.1094391244870041 0.23996789727126805
0 0.3652530779753762 0.8996789727126806 0.06087551299589603 0.1348314606741573
0 0.43980848153214774 0.898876404494382 0.06361149110807114 0.13643659711075443
