0 0.39500683994528046 0.6910112359550562 0.12311901504787962 0.2825040128410915
0 0.36662106703146374 0.8980738362760835 0.06087551299589603 0.14125200642054575
0 0.43502051983584133 0.8884430176565008 0.07181942544459645 0.1797752808988764
0 0.503077975376197 0.9012841091492777 0.06429548563611491 0.1476725521669342
0 0.5147058823529411 0.709470304975923 0.1094391244870041 0.2520064205457464
0 0.5697674418604651 0.5401284109149278 0.06224350205198358 0.14446227929373998
0 0.6207250341997264 0.7062600321027287 0.1012311901504788 0.25842696629213485
0 0.5752393980848153 0.8908507223113965 0.06908344733242135 0.17174959871589085
0 0.6412448700410397 0.8996789727126806 0.058823529411764705 0.14446227929373998
0 0.7181942544459644 0.8691813804173355 0.09507523939808482 0.21829855537720708
