0 0.33584131326949385 0.6918138041733547 0.1210670314637483 0.2808988764044944
0 0.31019151846785226 0.8908507223113965 0.06155950752393981 0.14606741573033707
0 0.37756497948016415 0.8884430176565008 0.0704514363885089 0.16693418940609953
0 0.45656634746922026 0.7126805778491172 0.11354309165526676 0.2520064205457464
0 0.44493844049247605 0.9052969502407705 0.06429548563611491 0.13643659711075443
0 0.5181258549931601 0.8908507223113965 0.07113543091655267 0.17174959871589085
0 0.5636114911080712 0.7207062600321027 0.09370725034199727 0.2391653290529695
0 0.582421340629275 0.9012841091492777 0.058823529411764705 0.14125200642054575
0 0.6617647058823529 0.8707865168539326 0.09575923392612859 0.21508828250401285
0 0.5126538987688098 0.5401284109149278 0.060191518467852256 0.1476725521669342
