0 0.057797537619699045 0.8563402889245586 0.09165526675786594 0.22792937399678972
0 0.14227086183310533 0.6910112359550562 0.10191518467852258 0.22792937399678972
0 0.2161422708618331 0.5176565008025682 0.10738714090287278 0.29213483146067415
0 0.1511627906976744 0.8892455858747994 0.05813953488372093 0.15890850722311398
0 0.22264021887824897 0.8924558587479936 0.06703146374829001 0.15569823434991975
0 0.2701778385772914 0.7255216693418941 0.08960328317373462 0.2231139646869984
0 0.31600547195622436 0.5617977528089888 0.0704514363885089 0.15569823434991975
0 0.37756497948016415 0.7215088282504013 0.11149110807113544 0.24077046548956663
0 0.32079343365253077 0.8852327447833066 0.06908344733242135 0.17014446227929375
0 0.39979480164158687 0.8980738362760835 0.06155950752393981 0.14446227929373998
