0 0.42920656634746923 0.8948635634028892 0.06566347469220246 0.1476725521669342
0 0.5270177838577291 0.6837881219903692 0.11491108071135431 0.28731942215088285
0 0.4941860465116279 0.8900481540930979 0.07113543091655267 0.17014446227929375
0 0.5745554035567716 0.8892455858747994 0.07181942544459645 0.1781701444622793
0 0.5961012311901505 0.5369181380417335 0.05471956224350205 0.14446227929373998
0 0.637140902872777 0.7102728731942215 0.106703146374829 0.24077046548956663
0 0.6378248974008208 0.9020866773675762 0.057455540355677154 0.14606741573033707
0 0.7151162790697675 0.8723916532905297 0.09712722298221614 0.22150882825040127
0 0.75 0.6765650080256822 0.08755129958960328 0.21187800963081863
0 0.8213064295485636 0.8587479935794543 0.10909712722298222 0.2680577849117175
