0 0.11833105335157319 0.8515248796147673 0.09233926128590972 0.22150882825040127
0 0.19801641586867305 0.6926163723916533 0.1012311901504788 0.24077046548956663
0 0.2110123119015048 0.8868378812199037 0.060191518467852256 0.1637239165329053
0 0.27462380300957595 0.5176565008025682 0.1094391244870041 0.2953451043338684
0 0.3738030095759234 0.5617977528089888 0.06976744186046512 0.16853932584269662
0 0.32968536251709984 0.7263242375601926 0.09097127222982217 0.21829855537720708
0 0.28248974008207933 0.8948635634028892 0.06908344733242135 0.15409309791332262
0 0.3765389876880985 0.8820224719101124 0.07113543091655267 0.17014446227929375
0 0.43433652530779754 0.7150882825040128 0.11149110807113544 0.2504012841091493
0 0.45622435020519836 0.898876404494382 0.06224350205198358 0.13643659711075443
