0 0.4719562243502052 0.6797752808988764 0.11696306429548564 0.2953451043338684
0 0.37243502051983585 0.8940609951845907 0.06429548563611491 0.15248796147672553
0 0.43980848153214774 0.8892455858747994 0.07181942544459645 0.17495987158908508
0 0.5410396716826266 0.5401284109149278 0.05813953488372093 0.14446227929373998
0 0.585499316005472 0.7142857142857143 0.09507523939808482 0.22632423756019263
0 0.5160738714090287 0.8860353130016051 0.07113543091655267 0.17174959871589085
0 0.5820793433652531 0.8996789727126806 0.05813953488372093 0.14446227929373998
0 0.6607387140902873 0.8691813804173355 0.09233926128590972 0.22150882825040127
0 0.6935704514363885 0.6797752808988764 0.08823529411764706 0.2086677367576244
0 0.7624829001367989 0.862760834670947 0.10772913816689467 0.26003210272873195
