0 0.20314637482900136 0.6837881219903692 0.09644322845417237 0.24237560192616373
0 0.12482900136798905 0.85553772070626 0.08891928864569083 0.21990369181380418
0 0.2028043775649795 0.8852327447833066 0.060191518467852256 0.15730337078651685
0 0.2814637482900137 0.8892455858747994 0.06703146374829001 0.15569823434991975
0 0.26812585499316005 0.5955056179775281 0.05813953488372093 0.15248796147672553
0 0.32968536251709984 0.7287319422150883 0.08823529411764706 0.21669341894060995
0 0.37175102599179205 0.8820224719101124 0.07113543091655267 0.17656500802568217
0 0.45109439124487005 0.8980738362760835 0.06155950752393981 0.14125200642054575
0 0.4319425444596443 0.7191011235955056 0.106703146374829 0.24558587479935795
0 0.5218878248974008 0.8828250401284109 0.073187414500684 0.17174959871589085
