0 0.06497948016415869 0.8539325842696629 0.08686730506155951 0.2231139646869984
0 0.14705882352941177 0.6861958266452648 0.08960328317373462 0.24077046548956663
0 0.14534883720930233 0.8876404494382022 0.057455540355677154 0.15569823434991975
0 0.2219562243502052 0.8908507223113965 0.06976744186046512 0.17174959871589085
0 0.26880984952120385 0.7279293739967897 0.09370725034199727 0.21187800963081863
0 0.21238030095759233 0.5987158908507223 0.060191518467852256 0.1492776886035313
0 0.3748290013679891 0.7199036918138042 0.11285909712722299 0.24077046548956663
0 0.31703146374829 0.884430176565008 0.06839945280437756 0.1653290529695024
0 0.39227086183310533 0.8980738362760835 0.06292749658002736 0.14446227929373998
0 0.46580027359781123 0.8860353130016051 0.07181942544459645 0.17174959871589085
