0 0.19425444596443228 0.8747993579454254 0.0704514363885089 0.17495987158908508
0 0.27975376196990426 0.8587479935794543 0.09917920656634747 0.2231139646869984
0 0.38645690834473323 0.7150882825040128 0.11012311901504789 0.2504012841091493
0 0.35738714090287277 0.8908507223113965 0.06429548563611491 0.1492776886035313
0 0.41963064295485636 0.8924558587479936 0.06155950752393981 0.16211878009630817
0 0.49623803009575923 0.8635634028892456 0.08891928864569083 0.21990369181380418
0 0.4774281805745554 0.6709470304975923 0.06908344733242135 0.16211878009630817
0 0.5615595075239398 0.7070626003210273 0.10054719562243503 0.24398073836276082
0 0.5766073871409029 0.9012841091492777 0.06087551299589603 0.15409309791332262
0 0.6651846785225718 0.8443017656500803 0.12722298221614228 0.27447833065810595
