0 0.3119015047879617 0.7247191011235955 0.10875512995896033 0.26003210272873195
0 0.2807797537619699 0.8956661316211878 0.06429548563611491 0.13964686998394862
0 0.362859097127223 0.5593900481540931 0.057455540355677154 0.14446227929373998
0 0.40047879616963067 0.6918138041733547 0.07250341997264022 0.16853932584269662
0 0.359781121751026 0.8964686998394864 0.06224350205198358 0.1508828250401284
0 0.436046511627907 0.8675762439807384 0.09165526675786594 0.2247191011235955
0 0.5208618331053352 0.8972712680577849 0.06155950752393981 0.15890850722311398
0 0.49555403556771543 0.7375601926163724 0.06839945280437756 0.17014446227929375
0 0.5783173734610123 0.7728731942215088 0.09986320109439124 0.2247191011235955
0 0.6614227086183311 0.8659711075441413 0.08823529411764706 0.22792937399678972
