0 0.13611491108071136 0.8756019261637239 0.07181942544459645 0.17656500802568217
0 0.22229822161422708 0.8619582664526485 0.10054719562243503 0.21990369181380418
0 0.3006155950752394 0.891653290529695 0.06292749658002736 0.15409309791332262
0 0.3286593707250342 0.709470304975923 0.1094391244870041 0.24237560192616373
0 0.4216826265389877 0.6701444622792937 0.06976744186046512 0.16693418940609953
0 0.43912448700410395 0.862760834670947 0.09097127222982217 0.2247191011235955
0 0.3625170998632011 0.8924558587479936 0.06087551299589603 0.15569823434991975
0 0.5044459644322845 0.7062600321027287 0.09165526675786594 0.24237560192616373
0 0.5194938440492476 0.8996789727126806 0.06155950752393981 0.1508828250401284
0 0.6090971272229823 0.8426966292134831 0.12722298221614228 0.27768860353130015
