0 0.3700410396716826 0.7263242375601926 0.10738714090287278 0.26324237560192615
0 0.4179206566347469 0.5593900481540931 0.05950752393980848 0.14446227929373998
0 0.3375512995896033 0.898876404494382 0.06566347469220246 0.13964686998394862
0 0.4586183310533516 0.6918138041733547 0.07387140902872777 0.1653290529695024
0 0.417578659370725 0.8924558587479936 0.06155950752393981 0.15248796147672553
0 0.4914500683994528 0.8667736757624398 0.08891928864569083 0.21990369181380418
0 0.551983584131327 0.7351524879614767 0.06634746922024624 0.17174959871589085
0 0.5776333789329685 0.898876404494382 0.060191518467852256 0.15248796147672553
0 0.6350889192886456 0.7736757624398074 0.09986320109439124 0.24237560192616373
0 0.7185362517099864 0.8659711075441413 0.09028727770177838 0.22792937399678972
