0 0.5984952120383037 0.6974317817014446 0.11969904240766074 0.28892455858747995
0 0.54890560875513 0.898876404494382 0.06429548563611491 0.15890850722311398
0 0.6101231190150479 0.9012841091492777 0.05950752393980848 0.1476725521669342
0 0.6973324213406292 0.8603531300160514 0.09439124487004104 0.24237560192616373
0 0.6634746922024624 0.5457463884430177 0.06087551299589603 0.1332263242375602
0 0.7359781121751026 0.521669341894061 0.06361149110807114 0.15569823434991975
0 0.7051983584131327 0.658908507223114 0.06634746922024624 0.1637239165329053
0 0.7910396716826266 0.687800963081862 0.10807113543091655 0.24077046548956663
0 0.78077975376197 0.8924558587479936 0.07387140902872777 0.17174959871589085
0 0.8601231190150479 0.8788121990369181 0.09302325581395349 0.21508828250401285
