0 0.4688782489740082 0.869983948635634 0.09165526675786594 0.21990369181380418
0 0.5485636114911081 0.8972712680577849 0.06087551299589603 0.13964686998394862
0 0.6313269493844049 0.8595505617977528 0.09233926128590972 0.24077046548956663
0 0.7243502051983585 0.7110754414125201 0.11422708618331054 0.28731942215088285
0 0.7051983584131327 0.9093097913322632 0.06224350205198358 0.14125200642054575
0 0.7777017783857729 0.8956661316211878 0.073187414500684 0.1781701444622793
0 0.7951436388508892 0.5906902086677368 0.06155950752393981 0.14606741573033707
0 0.8437072503419972 0.7592295345104334 0.10533515731874145 0.26484751203852325
0 0.9230506155950753 0.687800963081862 0.07523939808481532 0.1637239165329053
0 0.9418604651162791 0.8812199036918138 0.09917920656634747 0.21348314606741572
