0 0.5430916552667578 0.6958266452648475 0.11833105335157319 0.2825040128410915
0 0.4904240766073871 0.8972712680577849 0.06087551299589603 0.15569823434991975
0 0.5523255813953488 0.9004815409309791 0.060191518467852256 0.1492776886035313
0 0.6415868673050615 0.8579454253611557 0.09370725034199727 0.22792937399678972
0 0.6077291381668947 0.5473515248796148 0.060191518467852256 0.13001605136436598
0 0.6480848153214774 0.6581059390048154 0.06703146374829001 0.1653290529695024
0 0.6816005471956225 0.5240770465489567 0.058823529411764705 0.14446227929373998
0 0.7335841313269493 0.6869983948635634 0.1094391244870041 0.2391653290529695
0 0.7229822161422709 0.8932584269662921 0.07181942544459645 0.17335473515248795
0 0.801983584131327 0.8804173354735152 0.09165526675786594 0.21829855537720708
