0 0.40868673050615595 0.8683788121990369 0.09165526675786594 0.2231139646869984
0 0.4911080711354309 0.8972712680577849 0.05813953488372093 0.1492776886035313
0 0.5745554035567716 0.8595505617977528 0.09233926128590972 0.22792937399678972
0 0.6679206566347469 0.7110754414125201 0.11491108071135431 0.2841091492776886
0 0.6491108071135431 0.9085072231139647 0.05950752393980848 0.13643659711075443
0 0.7202462380300958 0.8932584269662921 0.07181942544459645 0.17335473515248795
0 0.7845417236662107 0.7592295345104334 0.10601915184678523 0.26163723916532905
0 0.7404240766073872 0.5874799357945425 0.057455540355677154 0.13964686998394862
0 0.8666210670314638 0.6853932584269663 0.07455540355677155 0.1653290529695024
0 0.8833789329685362 0.8836276083467095 0.09986320109439124 0.21508828250401285
