0 0.5088919288645691 0.8386837881219904 0.12517099863201095 0.27929373996789725
0 0.5978112175102599 0.9020866773675762 0.05950752393980848 0.1492776886035313
0 0.6412448700410397 0.8097913322632424 0.06155950752393981 0.1476725521669342
0 0.707592339261286 0.7182985553772071 0.09165526675786594 0.23113964686998395
0 0.6880984952120383 0.9085072231139647 0.06224350205198358 0.13643659711075443
0 0.7523939808481532 0.8932584269662921 0.07181942544459645 0.17014446227929375
0 0.7889876880984952 0.7006420545746388 0.06429548563611491 0.1476725521669342
0 0.8467852257181943 0.8691813804173355 0.10601915184678523 0.24719101123595505
0 0.8997948016415869 0.6974317817014446 0.07250341997264022 0.17335473515248795
0 0.9495554035567716 0.8780096308186196 0.09952120383036936 0.2231139646869984
