0 0.44459644322845415 0.8346709470304976 0.11833105335157319 0.2841091492776886
0 0.4852941176470588 0.6147672552166934 0.08755129958960328 0.2102728731942215
0 0.5567715458276333 0.7311396468699839 0.08823529411764706 0.19903691813804172
0 0.533515731874145 0.9004815409309791 0.06087551299589603 0.13964686998394862
0 0.6063611491108071 0.8868378812199037 0.06976744186046512 0.17656500802568217
0 0.6453488372093024 0.7455858747993579 0.06839945280437756 0.17014446227929375
0 0.6802325581395349 0.898876404494382 0.060191518467852256 0.16211878009630817
0 0.6268809849521204 0.5529695024077047 0.09712722298221614 0.24077046548956663
0 0.7154582763337893 0.7720706260032103 0.054035567715458276 0.14606741573033707
0 0.7404240766073872 0.9036918138041734 0.057455540355677154 0.14285714285714285
