0 0.22845417236662108 0.8290529695024077 0.11833105335157319 0.2953451043338684
0 0.3279753761969904 0.7207062600321027 0.08755129958960328 0.21990369181380418
0 0.33652530779753764 0.9028892455858748 0.06361149110807114 0.14446227929373998
0 0.4162106703146375 0.869983948635634 0.09165526675786594 0.2231139646869984
0 0.48084815321477425 0.7014446227929374 0.09233926128590972 0.23595505617977527
0 0.5150478796169631 0.891653290529695 0.073187414500684 0.17656500802568217
0 0.6084131326949385 0.8563402889245586 0.1039671682626539 0.2664526484751204
0 0.6959644322845417 0.8940609951845907 0.07113543091655267 0.17495987158908508
0 0.7640218878248974 0.906099518459069 0.06497948016415869 0.1508828250401284
0 0.8283173734610123 0.9093097913322632 0.05677154582763338 0.1476725521669342
