0 0.28522571819425446 0.8282504012841091 0.11969904240766074 0.30337078651685395
0 0.3854309165526676 0.7231139646869984 0.08755129958960328 0.2247191011235955
0 0.396374829001368 0.906099518459069 0.06429548563611491 0.14446227929373998
0 0.4743502051983584 0.8667736757624398 0.09165526675786594 0.21669341894060995
0 0.5362517099863201 0.6966292134831461 0.09917920656634747 0.24879614767255218
0 0.5721614227086184 0.8876404494382022 0.07387140902872777 0.1781701444622793
0 0.6682626538987688 0.8571428571428571 0.10465116279069768 0.26163723916532905
0 0.7537619699042407 0.8948635634028892 0.07181942544459645 0.17656500802568217
0 0.8218194254445964 0.906099518459069 0.06429548563611491 0.1508828250401284
0 0.884404924760602 0.9101123595505618 0.06224350205198358 0.14285714285714285
