0 0.2130642954856361 0.4622792937399679 0.09575923392612859 0.2391653290529695
0 0.17818057455540356 0.6364365971107544 0.060191518467852256 0.15730337078651685
0 0.13372093023255813 0.8170144462279294 0.11764705882352941 0.3001605136436597
0 0.22093023255813954 0.7512038523274478 0.05677154582763338 0.1492776886035313
0 0.28488372093023256 0.630016051364366 0.1121751025991792 0.24719101123595505
0 0.27906976744186046 0.8619582664526485 0.09917920656634747 0.21669341894060995
0 0.3546511627906977 0.7688603531300161 0.07387140902872777 0.17495987158908508
0 0.423734610123119 0.709470304975923 0.07113543091655267 0.17495987158908508
0 0.39192886456908343 0.9036918138041734 0.06634746922024624 0.1492776886035313
0 0.47024623803009574 0.8691813804173355 0.09028727770177838 0.21829855537720708
