0 0.45041039671682626 0.8378812199036918 0.12311901504787962 0.28731942215088285
0 0.5393296853625171 0.9020866773675762 0.058823529411764705 0.15248796147672553
0 0.5848153214774282 0.8089887640449438 0.06224350205198358 0.14606741573033707
0 0.649452804377565 0.7191011235955056 0.09575923392612859 0.22632423756019263
0 0.6313269493844049 0.9085072231139647 0.06224350205198358 0.14285714285714285
0 0.6969904240766074 0.8956661316211878 0.073187414500684 0.17495987158908508
0 0.7329001367989056 0.7030497592295345 0.06292749658002736 0.14285714285714285
0 0.7891586867305062 0.8723916532905297 0.10772913816689467 0.24719101123595505
0 0.8433652530779754 0.6998394863563403 0.07455540355677155 0.1653290529695024
0 0.8919288645690835 0.8804173354735152 0.09917920656634747 0.21829855537720708
