0 0.3874829001367989 0.8386837881219904 0.12311901504787962 0.2857142857142857
0 0.42818057455540354 0.6163723916532905 0.09097127222982217 0.21990369181380418
0 0.5006839945280438 0.7319422150882825 0.08686730506155951 0.20385232744783308
0 0.47708618331053354 0.9028892455858748 0.06429548563611491 0.14446227929373998
0 0.5482216142270862 0.8900481540930979 0.07250341997264022 0.18298555377207062
0 0.5885772913816689 0.7455858747993579 0.07250341997264022 0.1637239165329053
0 0.6569767441860465 0.7680577849117175 0.05471956224350205 0.15409309791332262
0 0.6241450068399452 0.8956661316211878 0.06155950752393981 0.1653290529695024
0 0.6836525307797537 0.9052969502407705 0.058823529411764705 0.1492776886035313
0 0.56703146374829 0.550561797752809 0.10328317373461013 0.24879614767255218
