0 0.13372093023255813 0.8146067415730337 0.12175102599179206 0.2985553772070626
0 0.23392612859097128 0.8258426966292135 0.073187414500684 0.17335473515248795
0 0.29445964432284544 0.8948635634028892 0.06703146374829001 0.15730337078651685
0 0.31087551299589605 0.7495987158908507 0.06703146374829001 0.13643659711075443
0 0.3792749658002736 0.8531300160513644 0.1012311901504788 0.24398073836276082
0 0.4897400820793434 0.7174959871589085 0.11696306429548564 0.25842696629213485
0 0.45998632010943913 0.9052969502407705 0.06292749658002736 0.14606741573033707
0 0.524281805745554 0.8972712680577849 0.06566347469220246 0.16853932584269662
0 0.5978112175102599 0.8675762439807384 0.08823529411764706 0.22150882825040127
0 0.688782489740082 0.8723916532905297 0.09507523939808482 0.21829855537720708
