0 0.12243502051983585 0.5096308186195827 0.08960328317373462 0.20224719101123595
0 0.2110123119015048 0.5096308186195827 0.07113543091655267 0.1476725521669342
0 0.28214774281805743 0.42937399678972715 0.06976744186046512 0.17014446227929375
0 0.18057455540355677 0.6412520064205457 0.05950752393980848 0.14446227929373998
0 0.13303693570451436 0.8154093097913323 0.11901504787961696 0.2969502407704655
0 0.22093023255813954 0.7520064205457464 0.05813953488372093 0.1476725521669342
0 0.27941176470588236 0.8643659711075441 0.09986320109439124 0.21829855537720708
0 0.35772913816689467 0.7808988764044944 0.073187414500684 0.16693418940609953
0 0.3991108071135431 0.8948635634028892 0.06566347469220246 0.15409309791332262
0 0.28454172366621067 0.6428571428571429 0.11149110807113544 0.22792937399678972
