0 0.06429548563611491 0.507223113964687 0.09097127222982217 0.20385232744783308
0 0.07455540355677155 0.8162118780096308 0.11422708618331054 0.2953451043338684
0 0.1545827633378933 0.5080256821829856 0.07181942544459645 0.1508828250401284
0 0.12140902872777018 0.6356340288924559 0.060191518467852256 0.15248796147672553
0 0.1631326949384405 0.7520064205457464 0.058823529411764705 0.1508828250401284
0 0.2212722298221614 0.8611556982343499 0.09986320109439124 0.21829855537720708
0 0.22264021887824897 0.42937399678972715 0.06976744186046512 0.17335473515248795
0 0.29958960328317374 0.7768860353130016 0.07455540355677155 0.17174959871589085
0 0.34131326949384405 0.9004815409309791 0.06224350205198358 0.1492776886035313
0 0.22913816689466485 0.6340288924558587 0.11559507523939809 0.22953451043338685
