0 0.07181942544459645 0.812199036918138 0.11833105335157319 0.3001605136436597
0 0.17647058823529413 0.8178170144462279 0.06908344733242135 0.1637239165329053
0 0.23666210670314639 0.8980738362760835 0.06634746922024624 0.15409309791332262
0 0.253077975376197 0.7471910112359551 0.06634746922024624 0.1476725521669342
0 0.31976744186046513 0.8507223113964687 0.09986320109439124 0.2391653290529695
0 0.43125854993160057 0.7150882825040128 0.11901504787961696 0.2536115569823435
0 0.4021887824897401 0.9012841091492777 0.06361149110807114 0.14125200642054575
0 0.46614227086183313 0.8948635634028892 0.06566347469220246 0.16051364365971107
0 0.5417236662106704 0.8651685393258427 0.08686730506155951 0.21669341894060995
0 0.6330369357045144 0.8723916532905297 0.09165526675786594 0.21508828250401285
