0 0.06326949384404924 0.5634028892455859 0.09439124487004104 0.2102728731942215
0 0.07421340629274965 0.8146067415730337 0.11764705882352941 0.2953451043338684
0 0.15902872777017785 0.6019261637239165 0.09302325581395349 0.2231139646869984
0 0.16689466484268126 0.8009630818619583 0.06224350205198358 0.14606741573033707
0 0.16022571819425444 0.9229534510433387 0.05984952120383037 0.08507223113964688
0 0.22537619699042408 0.7158908507223114 0.06566347469220246 0.1653290529695024
0 0.2763337893296854 0.8635634028892456 0.09097127222982217 0.2231139646869984
0 0.3327633378932969 0.6773675762439807 0.11354309165526676 0.2552166934189406
0 0.35807113543091657 0.8836276083467095 0.06703146374829001 0.17014446227929375
0 0.42818057455540354 0.8884430176565008 0.0704514363885089 0.1637239165329053
