0 0.12311901504787962 0.5666131621187801 0.09370725034199727 0.21669341894060995
0 0.2161422708618331 0.5963081861958266 0.09644322845417237 0.24077046548956663
0 0.13132694938440492 0.8202247191011236 0.11696306429548564 0.29373996789727125
0 0.22332421340629274 0.8041733547351525 0.06155950752393981 0.13964686998394862
0 0.2176812585499316 0.9221508828250401 0.05711354309165527 0.08667736757624397
0 0.283515731874145 0.7174959871589085 0.06566347469220246 0.15248796147672553
0 0.3331053351573187 0.8635634028892456 0.09233926128590972 0.22632423756019263
0 0.41450068399452805 0.8852327447833066 0.06908344733242135 0.1637239165329053
0 0.4839261285909713 0.8836276083467095 0.07113543091655267 0.17335473515248795
0 0.3912448700410397 0.6757624398073836 0.11285909712722299 0.24558587479935795
