0 0.1320109439124487 0.8170144462279294 0.1210670314637483 0.3001605136436597
0 0.18125854993160054 0.6163723916532905 0.0759233926128591 0.16853932584269662
0 0.2246922024623803 0.7407704654895666 0.06703146374829001 0.14125200642054575
0 0.2192202462380301 0.891653290529695 0.06429548563611491 0.1476725521669342
0 0.27838577291381666 0.6091492776886035 0.09097127222982217 0.20545746388443017
0 0.31019151846785226 0.8491171749598716 0.09712722298221614 0.2520064205457464
0 0.399452804377565 0.906099518459069 0.06497948016415869 0.14446227929373998
0 0.45964432284541723 0.8186195826645265 0.073187414500684 0.17495987158908508
0 0.5191518467852257 0.898876404494382 0.06634746922024624 0.15890850722311398
0 0.6019151846785226 0.8603531300160514 0.08686730506155951 0.22953451043338685
