0 0.073187414500684 0.8138041733547352 0.11833105335157319 0.29373996789727125
0 0.12448700410396717 0.6179775280898876 0.07181942544459645 0.16853932584269662
0 0.16826265389876882 0.7359550561797753 0.06087551299589603 0.13804173354735153
0 0.16108071135430915 0.8900481540930979 0.060191518467852256 0.1508828250401284
0 0.2212722298221614 0.6123595505617978 0.08618331053351573 0.21187800963081863
0 0.2496580027359781 0.8515248796147673 0.09097127222982217 0.24077046548956663
0 0.3389192886456908 0.906099518459069 0.06155950752393981 0.14125200642054575
0 0.4008207934336525 0.8178170144462279 0.0704514363885089 0.17335473515248795
0 0.46169630642954856 0.8980738362760835 0.06497948016415869 0.15730337078651685
0 0.5448016415868673 0.8587479935794543 0.08891928864569083 0.23595505617977527
