0 0.5003419972640218 0.8691813804173355 0.08618331053351573 0.21508828250401285
0 0.5711354309165527 0.7696629213483146 0.07455540355677155 0.1797752808988764
0 0.6744186046511628 0.7648475120385233 0.10601915184678523 0.2696629213483146
0 0.6152530779753762 0.8972712680577849 0.06429548563611491 0.16211878009630817
0 0.7633378932968536 0.8747993579454254 0.08686730506155951 0.21990369181380418
0 0.7048563611491108 0.5698234349919743 0.0560875512995896 0.15248796147672553
0 0.7571819425444597 0.6540930979133226 0.06908344733242135 0.16693418940609953
0 0.8190834473324213 0.5955056179775281 0.0533515731874145 0.14606741573033707
0 0.8115595075239398 0.7383627608346709 0.06566347469220246 0.14606741573033707
0 0.8799589603283173 0.862760834670947 0.09302325581395349 0.24077046548956663
