0 0.5393296853625171 0.8756019261637239 0.09028727770177838 0.21508828250401285
0 0.5961012311901505 0.7536115569823435 0.06292749658002736 0.14125200642054575
0 0.6580027359781122 0.6139646869983949 0.11696306429548564 0.2696629213483146
0 0.7070793433652531 0.862760834670947 0.11593707250341997 0.2568218298555377
0 0.6193570451436389 0.8948635634028892 0.06429548563611491 0.16693418940609953
0 0.7787277701778386 0.7054574638844302 0.07250341997264022 0.16693418940609953
0 0.8341313269493844 0.6284109149277689 0.06292749658002736 0.14125200642054575
0 0.8587551299589603 0.7600321027287319 0.06566347469220246 0.14125200642054575
0 0.8091655266757866 0.8764044943820225 0.09097127222982217 0.21990369181380418
0 0.9353625170998632 0.862760834670947 0.09165526675786594 0.2536115569823435
