0 0.5225718194254446 0.7367576243980738 0.07181942544459645 0.1653290529695024
0 0.49726402188782487 0.8924558587479936 0.06497948016415869 0.15569823434991975
0 0.5796853625170999 0.8723916532905297 0.08891928864569083 0.2086677367576244
0 0.6422708618331053 0.7921348314606742 0.06224350205198358 0.1348314606741573
0 0.6574897400820794 0.6003210272873194 0.10704514363885088 0.2552166934189406
0 0.7199042407660738 0.7415730337078652 0.06155950752393981 0.1492776886035313
0 0.6963064295485636 0.8900481540930979 0.0677154582763338 0.1797752808988764
0 0.789671682626539 0.8531300160513644 0.09849521203830369 0.23434991974317818
0 0.841655266757866 0.6428571428571429 0.12175102599179206 0.2825040128410915
0 0.8847469220246238 0.8780096308186196 0.08481532147742818 0.2102728731942215
