0 0.551641586867305 0.8715890850722311 0.09028727770177838 0.21669341894060995
0 0.6306429548563611 0.7512038523274478 0.10465116279069768 0.26484751203852325
0 0.6870725034199726 0.5738362760834671 0.06155950752393981 0.14125200642054575
0 0.6303009575923393 0.9382022471910112 0.06224350205198358 0.07062600321027288
0 0.6990424076607387 0.8940609951845907 0.06908344733242135 0.17174959871589085
0 0.7178522571819426 0.7383627608346709 0.060191518467852256 0.15248796147672553
0 0.7506839945280438 0.6107544141252006 0.06429548563611491 0.1348314606741573
0 0.7893296853625171 0.8571428571428571 0.09917920656634747 0.23595505617977527
0 0.841313269493844 0.6412520064205457 0.1210670314637483 0.27929373996789725
0 0.8861149110807114 0.8788121990369181 0.08755129958960328 0.21829855537720708
