0 0.48187414500683995 0.877207062600321 0.08891928864569083 0.2086677367576244
0 0.5379616963064295 0.7552166934189406 0.06155950752393981 0.13162118780096307
0 0.5615595075239398 0.8980738362760835 0.06361149110807114 0.16693418940609953
0 0.6056771545827634 0.6139646869983949 0.11491108071135431 0.2664526484751204
0 0.7222982216142271 0.702247191011236 0.0677154582763338 0.1637239165329053
0 0.7493160054719562 0.877207062600321 0.09028727770177838 0.21187800963081863
0 0.7777017783857729 0.622792937399679 0.06224350205198358 0.14606741573033707
0 0.8040355677154583 0.7576243980738363 0.06292749658002736 0.14285714285714285
0 0.8799589603283173 0.8587479935794543 0.09028727770177838 0.23595505617977527
0 0.6477428180574556 0.8563402889245586 0.11285909712722299 0.24719101123595505
