0 0.551641586867305 0.8932584269662921 0.06566347469220246 0.15730337078651685
0 0.5783173734610123 0.7399678972712681 0.06839945280437756 0.17495987158908508
0 0.6374829001367989 0.8707865168539326 0.08823529411764706 0.21829855537720708
0 0.698016415868673 0.7937399678972713 0.06155950752393981 0.14125200642054575
0 0.7544459644322845 0.891653290529695 0.0704514363885089 0.17656500802568217
0 0.7756497948016415 0.7431781701444623 0.05950752393980848 0.15890850722311398
0 0.7158002735978112 0.6019261637239165 0.10533515731874145 0.26163723916532905
0 0.8974008207934336 0.6428571428571429 0.1238030095759234 0.27929373996789725
0 0.844733242134063 0.8643659711075441 0.10601915184678523 0.2568218298555377
0 0.9432284541723667 0.8812199036918138 0.08549931600547196 0.21348314606741572
