0 0.5574555403556771 0.8707865168539326 0.08960328317373462 0.21829855537720708
0 0.6289329685362517 0.7752808988764045 0.07523939808481532 0.18138041733547353
0 0.6727086183310533 0.8972712680577849 0.06703146374829001 0.1653290529695024
0 0.7329001367989056 0.7632423756019262 0.10807113543091655 0.27287319422150885
0 0.820109439124487 0.8780096308186196 0.09097127222982217 0.21669341894060995
0 0.8136114911080712 0.6532905296950241 0.07113543091655267 0.1653290529695024
0 0.7612859097127223 0.5690208667736758 0.05540355677154583 0.14446227929373998
0 0.8741450068399452 0.5955056179775281 0.06224350205198358 0.1492776886035313
0 0.8666210670314638 0.7407704654895666 0.06361149110807114 0.14446227929373998
0 0.9353625170998632 0.8643659711075441 0.09302325581395349 0.24398073836276082
