0 0.6077291381668947 0.8731942215088283 0.09575923392612859 0.21348314606741572
0 0.6867305061559508 0.7536115569823435 0.10875512995896033 0.2568218298555377
0 0.6879274965800274 0.9365971107544141 0.06258549931600547 0.07062600321027288
0 0.7547879616963065 0.8932584269662921 0.07250341997264022 0.17656500802568217
0 0.7739398084815321 0.7351524879614767 0.06155950752393981 0.1492776886035313
0 0.7445280437756497 0.5730337078651685 0.06292749658002736 0.13964686998394862
0 0.8077975376196991 0.6107544141252006 0.06361149110807114 0.14125200642054575
0 0.8481532147742818 0.8579454253611557 0.10054719562243503 0.24077046548956663
0 0.9428864569083447 0.8804173354735152 0.08755129958960328 0.21829855537720708
0 0.8977428180574556 0.6460674157303371 0.12175102599179206 0.27608346709470305
