0 0.4172366621067031 0.8876404494382022 0.06634746922024624 0.16853932584269662
0 0.5099179206566348 0.8234349919743178 0.11627906976744186 0.30337078651685395
0 0.6152530779753762 0.8691813804173355 0.08755129958960328 0.21508828250401285
0 0.6939124487004104 0.8900481540930979 0.06839945280437756 0.17335473515248795
0 0.7202462380300958 0.7271268057784912 0.0704514363885089 0.17495987158908508
0 0.7773597811217511 0.8731942215088283 0.09849521203830369 0.21990369181380418
0 0.810875512995896 0.7231139646869984 0.06429548563611491 0.14125200642054575
0 0.875170998632011 0.709470304975923 0.058823529411764705 0.1492776886035313
0 0.8525991792065664 0.8362760834670947 0.06429548563611491 0.14606741573033707
0 0.9353625170998632 0.8619582664526485 0.09165526675786594 0.24237560192616373
