0 0.12995896032831739 0.521669341894061 0.10875512995896033 0.23595505617977527
0 0.23734610123119015 0.5762439807383628 0.1238030095759234 0.2680577849117175
0 0.14945280437756497 0.7399678972712681 0.09165526675786594 0.21669341894060995
0 0.10362517099863201 0.8852327447833066 0.060191518467852256 0.15409309791332262
0 0.1935704514363885 0.8892455858747994 0.06634746922024624 0.14285714285714285
0 0.256155950752394 0.8041733547351525 0.07523939808481532 0.16211878009630817
0 0.33584131326949385 0.7279293739967897 0.09781121751025992 0.20545746388443017
0 0.3026675786593707 0.9044943820224719 0.06429548563611491 0.1348314606741573
0 0.369015047879617 0.8836276083467095 0.06429548563611491 0.16051364365971107
0 0.436046511627907 0.8812199036918138 0.06976744186046512 0.1653290529695024
