0 0.3136114911080711 0.8523274478330658 0.12038303693570451 0.25842696629213485
0 0.39261285909712723 0.7303370786516854 0.07455540355677155 0.17495987158908508
0 0.32489740082079344 0.6492776886035313 0.06224350205198358 0.14446227929373998
0 0.3758549931600547 0.5674157303370787 0.060191518467852256 0.1508828250401284
0 0.4107387140902873 0.8876404494382022 0.06292749658002736 0.1653290529695024
0 0.45075239398084815 0.5882825040128411 0.09233926128590972 0.20224719101123595
0 0.49897400820793436 0.8202247191011236 0.11901504787961696 0.3001605136436597
0 0.5844733242134063 0.8940609951845907 0.060191518467852256 0.16853932584269662
0 0.6593707250341997 0.8707865168539326 0.08960328317373462 0.22150882825040127
0 0.7387140902872777 0.891653290529695 0.07181942544459645 0.17335473515248795
