0 0.2664158686730506 0.8434991974317817 0.11080711354309165 0.27608346709470305
0 0.35601915184678523 0.8876404494382022 0.06566347469220246 0.16853932584269662
0 0.4415184678522572 0.8210272873194222 0.11901504787961696 0.2953451043338684
0 0.5143638850889193 0.709470304975923 0.06087551299589603 0.14285714285714285
0 0.5892612859097127 0.6597110754414125 0.09575923392612859 0.20385232744783308
0 0.5540355677154583 0.8731942215088283 0.08686730506155951 0.21669341894060995
0 0.6268809849521204 0.8170144462279294 0.057455540355677154 0.14606741573033707
0 0.676812585499316 0.8892455858747994 0.06703146374829001 0.17495987158908508
0 0.7462380300957593 0.9069020866773676 0.06224350205198358 0.15248796147672553
0 0.8286593707250342 0.85553772070626 0.09302325581395349 0.24237560192616373
