0 0.35772913816689467 0.8900481540930979 0.06497948016415869 0.15409309791332262
0 0.4517783857729138 0.8258426966292135 0.1121751025991792 0.28892455858747995
0 0.5584815321477428 0.869983948635634 0.08618331053351573 0.2102728731942215
0 0.6381668946648427 0.8884430176565008 0.06634746922024624 0.17335473515248795
0 0.6638166894664843 0.7247191011235955 0.07113543091655267 0.17014446227929375
0 0.7209302325581395 0.8739967897271268 0.09781121751025992 0.21829855537720708
0 0.7547879616963065 0.7247191011235955 0.06429548563611491 0.1348314606741573
0 0.8225034199726402 0.7110754414125201 0.05471956224350205 0.1492776886035313
0 0.7951436388508892 0.8370786516853933 0.06155950752393981 0.1508828250401284
0 0.8792749658002736 0.8603531300160514 0.09302325581395349 0.2391653290529695
