0 0.070109439124487 0.44542536115569825 0.09986320109439124 0.23434991974317818
0 0.1378248974008208 0.5674157303370787 0.07113543091655267 0.17014446227929375
0 0.07455540355677155 0.7102728731942215 0.09644322845417237 0.22150882825040127
0 0.04616963064295486 0.8868378812199037 0.06155950752393981 0.15409309791332262
0 0.11696306429548564 0.891653290529695 0.06634746922024624 0.1476725521669342
0 0.1689466484268126 0.7455858747993579 0.09644322845417237 0.21829855537720708
0 0.27308481532147744 0.6821829855537721 0.12277701778385773 0.2520064205457464
0 0.21409028727770177 0.8940609951845907 0.06497948016415869 0.13964686998394862
0 0.27975376196990426 0.8900481540930979 0.06908344733242135 0.1508828250401284
0 0.3438782489740082 0.9125200642054575 0.070109439124487 0.1187800963081862
