0 0.12859097127222982 0.4438202247191011 0.10191518467852258 0.2375601926163724
0 0.19596443228454172 0.5658105939004815 0.07523939808481532 0.16693418940609953
0 0.1323529411764706 0.7102728731942215 0.09712722298221614 0.21829855537720708
0 0.10465116279069768 0.8892455858747994 0.05950752393980848 0.15569823434991975
0 0.176812585499316 0.8908507223113965 0.06703146374829001 0.14285714285714285
0 0.22674418604651161 0.7439807383627608 0.09712722298221614 0.21508828250401285
0 0.3337893296853625 0.6861958266452648 0.1238030095759234 0.2536115569823435
0 0.2718878248974008 0.898876404494382 0.06429548563611491 0.13964686998394862
0 0.33652530779753764 0.884430176565008 0.06634746922024624 0.15890850722311398
0 0.40047879616963067 0.913322632423756 0.06976744186046512 0.11396468699839486
