0 0.26812585499316005 0.6460674157303371 0.06087551299589603 0.14446227929373998
0 0.31600547195622436 0.5698234349919743 0.05813953488372093 0.15569823434991975
0 0.39363885088919287 0.5842696629213483 0.09165526675786594 0.2102728731942215
0 0.3344733242134063 0.7279293739967897 0.073187414500684 0.17014446227929375
0 0.353625170998632 0.8908507223113965 0.06361149110807114 0.15890850722311398
0 0.442202462380301 0.8210272873194222 0.12175102599179206 0.2953451043338684
0 0.5249658002735978 0.8964686998394864 0.060191518467852256 0.16693418940609953
0 0.6015731874145007 0.8715890850722311 0.09028727770177838 0.2231139646869984
0 0.6812585499316005 0.8908507223113965 0.0704514363885089 0.1781701444622793
0 0.25444596443228457 0.8515248796147673 0.11833105335157319 0.2504012841091493
