0 0.32455540355677154 0.8491171749598716 0.1121751025991792 0.26163723916532905
0 0.4124487004103967 0.8852327447833066 0.06497948016415869 0.17014446227929375
0 0.49829001367989056 0.8234349919743178 0.12175102599179206 0.30337078651685395
0 0.5690834473324213 0.7102728731942215 0.06497948016415869 0.1476725521669342
0 0.6474008207934336 0.6621187800963082 0.09712722298221614 0.20224719101123595
0 0.6125170998632011 0.869983948635634 0.08891928864569083 0.21669341894060995
0 0.6833105335157319 0.8170144462279294 0.05677154582763338 0.14606741573033707
0 0.7339261285909713 0.891653290529695 0.06634746922024624 0.17656500802568217
0 0.8002735978112175 0.9044943820224719 0.06497948016415869 0.14446227929373998
0 0.8820109439124487 0.8619582664526485 0.09302325581395349 0.23595505617977527
