0 0.06908344733242135 0.5272873194221509 0.10465116279069768 0.23113964686998395
0 0.09131326949384405 0.7439807383627608 0.09165526675786594 0.21829855537720708
0 0.04616963064295486 0.8852327447833066 0.06155950752393981 0.1637239165329053
0 0.179890560875513 0.5770465489566613 0.1210670314637483 0.27929373996789725
0 0.13679890560875513 0.8924558587479936 0.0677154582763338 0.14285714285714285
0 0.20075239398084815 0.804975922953451 0.07523939808481532 0.17014446227929375
0 0.2445280437756498 0.898876404494382 0.06566347469220246 0.14285714285714285
0 0.27941176470588236 0.7295345104333868 0.09712722298221614 0.20545746388443017
0 0.31087551299589605 0.8884430176565008 0.06566347469220246 0.16693418940609953
0 0.3799589603283174 0.8860353130016051 0.06839945280437756 0.16211878009630817
