0 0.041723666210670314 0.891653290529695 0.06087551299589603 0.15409309791332262
0 0.12482900136798905 0.848314606741573 0.09028727770177838 0.2247191011235955
0 0.20109439124487005 0.8852327447833066 0.06224350205198358 0.1637239165329053
0 0.2718878248974008 0.8892455858747994 0.06292749658002736 0.14285714285714285
0 0.33036935704514364 0.7528089887640449 0.11559507523939809 0.2552166934189406
0 0.3765389876880985 0.8908507223113965 0.06703146374829001 0.15890850722311398
0 0.4630642954856361 0.8242375601926164 0.11969904240766074 0.2857142857142857
0 0.5677154582763337 0.8643659711075441 0.09097127222982217 0.23434991974317818
0 0.609781121751026 0.6869983948635634 0.06566347469220246 0.1781701444622793
0 0.6617647058823529 0.8547351524879615 0.09575923392612859 0.23113964686998395
