0 0.1039671682626539 0.8820224719101124 0.06634746922024624 0.15730337078651685
0 0.18878248974008208 0.8539325842696629 0.09917920656634747 0.2231139646869984
0 0.13645690834473323 0.6268057784911717 0.12311901504787962 0.27608346709470305
0 0.13149794801641587 0.3667736757624398 0.10567715458276333 0.2536115569823435
0 0.2219562243502052 0.449438202247191 0.07250341997264022 0.1653290529695024
0 0.22948016415868672 0.6051364365971108 0.06429548563611491 0.15248796147672553
0 0.25376196990424077 0.7463884430176565 0.06224350205198358 0.13964686998394862
0 0.26846785225718195 0.891653290529695 0.06566347469220246 0.1476725521669342
0 0.356703146374829 0.8788121990369181 0.07250341997264022 0.16693418940609953
0 0.44049247606019154 0.8611556982343499 0.09370725034199727 0.21508828250401285
