0 0.13577291381668946 0.12078651685393259 0.1039671682626539 0.24157303370786518
0 0.13218194254445964 0.3723916532905297 0.10567715458276333 0.2391653290529695
0 0.1378248974008208 0.6252006420545746 0.12311901504787962 0.27929373996789725
0 0.10362517099863201 0.8868378812199037 0.060191518467852256 0.1508828250401284
0 0.1880984952120383 0.8547351524879615 0.09781121751025992 0.22150882825040127
0 0.2192202462380301 0.44863563402889245 0.06976744186046512 0.16693418940609953
0 0.23187414500683995 0.6091492776886035 0.06908344733242135 0.16051364365971107
0 0.25136798905608754 0.7471910112359551 0.06155950752393981 0.14446227929373998
0 0.26778385772913815 0.8876404494382022 0.06703146374829001 0.14606741573033707
0 0.3450752393980848 0.8547351524879615 0.09712722298221614 0.23434991974317818
