0 0.26196990424076605 0.8924558587479936 0.05813953488372093 0.14606741573033707
0 0.320109439124487 0.7576243980738363 0.11149110807113544 0.25842696629213485
0 0.3960328317373461 0.6717495987158909 0.05950752393980848 0.1476725521669342
0 0.3734610123119015 0.8948635634028892 0.06361149110807114 0.1508828250401284
0 0.4630642954856361 0.8274478330658106 0.1210670314637483 0.2857142857142857
0 0.4794801641586867 0.6235955056179775 0.0677154582763338 0.15409309791332262
0 0.5441176470588235 0.6837881219903692 0.06976744186046512 0.17174959871589085
0 0.5687414500683995 0.8635634028892456 0.09165526675786594 0.23274478330658105
0 0.6094391244870041 0.6837881219903692 0.06497948016415869 0.16853932584269662
0 0.6607387140902873 0.8507223113964687 0.09644322845417237 0.22953451043338685
