0 0.3183994528043776 0.891653290529695 0.060191518467852256 0.1476725521669342
0 0.3751709986320109 0.7584269662921348 0.106703146374829 0.26003210272873195
0 0.429890560875513 0.8964686998394864 0.06429548563611491 0.15730337078651685
0 0.45588235294117646 0.6693418940609952 0.058823529411764705 0.15248796147672553
0 0.5188098495212038 0.8242375601926164 0.12175102599179206 0.27929373996789725
0 0.5379616963064295 0.6235955056179775 0.06703146374829001 0.1508828250401284
0 0.6008891928864569 0.6797752808988764 0.07113543091655267 0.17335473515248795
0 0.6261969904240766 0.862760834670947 0.08891928864569083 0.22792937399678972
0 0.667578659370725 0.687800963081862 0.05950752393980848 0.17014446227929375
0 0.7226402188782489 0.8531300160513644 0.10259917920656635 0.23434991974317818
