0 0.0728454172366621 0.3683788121990369 0.10807113543091655 0.2504012841091493
0 0.07934336525307797 0.6284109149277689 0.12243502051983585 0.27608346709470305
0 0.04411764705882353 0.8852327447833066 0.060191518467852256 0.1476725521669342
0 0.1296169630642955 0.8547351524879615 0.09849521203830369 0.22792937399678972
0 0.16552667578659372 0.4518459069020867 0.0704514363885089 0.17335473515248795
0 0.17373461012311903 0.6115569823434992 0.06361149110807114 0.1492776886035313
0 0.19630642954856362 0.7495987158908507 0.06224350205198358 0.13964686998394862
0 0.2082763337893297 0.8948635634028892 0.06566347469220246 0.14125200642054575
0 0.29856361149110805 0.8820224719101124 0.07113543091655267 0.17656500802568217
0 0.38303693570451436 0.8659711075441413 0.09507523939808482 0.21508828250401285
