0 0.07523939808481532 0.1260032102728732 0.09781121751025992 0.2247191011235955
0 0.0755813953488372 0.3707865168539326 0.10807113543091655 0.23274478330658105
0 0.08071135430916553 0.6268057784911717 0.12517099863201095 0.27608346709470305
0 0.045485636114911084 0.8860353130016051 0.06429548563611491 0.1492776886035313
0 0.12756497948016415 0.8571428571428571 0.09849521203830369 0.21669341894060995
0 0.1631326949384405 0.4478330658105939 0.07250341997264022 0.16853932584269662
0 0.17339261285909713 0.6075441412520064 0.06155950752393981 0.1476725521669342
0 0.19528043775649795 0.7447833065810594 0.060191518467852256 0.13643659711075443
0 0.20998632010943913 0.891653290529695 0.06634746922024624 0.14446227929373998
0 0.289671682626539 0.8595505617977528 0.09849521203830369 0.21829855537720708
