0 0.23837209302325582 0.8314606741573034 0.1326949384404925 0.2841091492776886
0 0.33584131326949385 0.8796147672552167 0.073187414500684 0.17495987158908508
0 0.35157318741450067 0.7142857142857143 0.073187414500684 0.16853932584269662
0 0.417578659370725 0.7632423756019262 0.06292749658002736 0.13804173354735153
0 0.40321477428180574 0.8996789727126806 0.06292749658002736 0.14125200642054575
0 0.49863201094391246 0.8523274478330658 0.10738714090287278 0.26163723916532905
0 0.5502735978112175 0.7223113964686998 0.060191518467852256 0.14285714285714285
0 0.5981532147742818 0.8675762439807384 0.08481532147742818 0.22150882825040127
0 0.6863885088919288 0.869983948635634 0.08755129958960328 0.21669341894060995
0 0.7653898768809849 0.9020866773675762 0.06224350205198358 0.15569823434991975
