0 0.2951436388508892 0.833868378812199 0.1326949384404925 0.29213483146067415
0 0.39192886456908343 0.8828250401284109 0.073187414500684 0.16853932584269662
0 0.4103967168262654 0.7134831460674157 0.0759233926128591 0.17656500802568217
0 0.47640218878248974 0.7640449438202247 0.06429548563611491 0.14285714285714285
0 0.46169630642954856 0.898876404494382 0.06361149110807114 0.15248796147672553
0 0.5567715458276333 0.8491171749598716 0.11149110807113544 0.2680577849117175
0 0.6090971272229823 0.7223113964686998 0.06155950752393981 0.13643659711075443
0 0.6559507523939808 0.8659711075441413 0.08823529411764706 0.22150882825040127
0 0.7445280437756497 0.8707865168539326 0.09165526675786594 0.21508828250401285
0 0.823187414500684 0.8980738362760835 0.06429548563611491 0.15730337078651685
