0 0.7677838577291382 0.46869983948635635 0.12175102599179206 0.2712680577849117
0 0.6439808481532148 0.8659711075441413 0.08891928864569083 0.22792937399678972
0 0.7270861833105335 0.9028892455858748 0.06361149110807114 0.15409309791332262
0 0.8221614227086184 0.8595505617977528 0.09917920656634747 0.24077046548956663
0 0.823187414500684 0.6605136436597111 0.06976744186046512 0.15409309791332262
0 0.887140902872777 0.5858747993579454 0.073187414500684 0.17495987158908508
0 0.8724350205198358 0.7415730337078652 0.0560875512995896 0.13964686998394862
0 0.9350205198358413 0.8756019261637239 0.09097127222982217 0.2086677367576244
0 0.9384404924760602 0.695024077046549 0.06224350205198358 0.13643659711075443
0 0.7253761969904241 0.7030497592295345 0.106703146374829 0.2520064205457464
