0 0.3283173734610123 0.8780096308186196 0.0704514363885089 0.1781701444622793
0 0.4076607387140903 0.8788121990369181 0.07181942544459645 0.18298555377207062
0 0.4740082079343365 0.9012841091492777 0.06361149110807114 0.1508828250401284
0 0.5577975376196991 0.8531300160513644 0.11080711354309165 0.26324237560192615
0 0.6135430916552668 0.6813804173354735 0.09097127222982217 0.21187800963081863
0 0.6627906976744186 0.8723916532905297 0.09781121751025992 0.21829855537720708
0 0.7034883720930233 0.7158908507223114 0.06292749658002736 0.1332263242375602
0 0.7838577291381669 0.7126805778491172 0.10191518467852258 0.23595505617977527
0 0.7489740082079344 0.906099518459069 0.06497948016415869 0.1508828250401284
0 0.8146374829001368 0.8940609951845907 0.06634746922024624 0.15248796147672553
