0 0.2722298221614227 0.8796147672552167 0.07181942544459645 0.17174959871589085
0 0.3484952120383037 0.877207062600321 0.06976744186046512 0.18298555377207062
0 0.41484268125854995 0.898876404494382 0.06292749658002736 0.15569823434991975
0 0.4996580027359781 0.8539325842696629 0.10807113543091655 0.25842696629213485
0 0.5571135430916553 0.6797752808988764 0.09302325581395349 0.21508828250401285
0 0.6443228454172366 0.7134831460674157 0.06224350205198358 0.1348314606741573
0 0.6056771545827634 0.869983948635634 0.09575923392612859 0.21990369181380418
0 0.6922024623803009 0.9044943820224719 0.06361149110807114 0.15409309791332262
0 0.7270861833105335 0.7142857142857143 0.10191518467852258 0.23595505617977527
0 0.7571819425444597 0.8972712680577849 0.06634746922024624 0.15248796147672553
