0 0.5872093023255814 0.8667736757624398 0.08618331053351573 0.2231139646869984
0 0.6686046511627907 0.7014446227929374 0.11627906976744186 0.25842696629213485
0 0.6713406292749658 0.9036918138041734 0.06155950752393981 0.14285714285714285
0 0.7144322845417237 0.46629213483146065 0.11764705882352941 0.26003210272873195
0 0.768467852257182 0.6573033707865169 0.06566347469220246 0.1508828250401284
0 0.7660738714090287 0.8539325842696629 0.09233926128590972 0.23595505617977527
0 0.8303693570451436 0.5898876404494382 0.0704514363885089 0.17335473515248795
0 0.81703146374829 0.7415730337078652 0.057455540355677154 0.14285714285714285
0 0.8816689466484268 0.6958266452648475 0.06087551299589603 0.14125200642054575
0 0.8789329685362517 0.8764044943820225 0.08823529411764706 0.2102728731942215
