0 0.16826265389876882 0.31942215088282505 0.06634746922024624 0.13964686998394862
0 0.11593707250341997 0.4028892455858748 0.06703146374829001 0.13643659711075443
0 0.11012311901504789 0.5770465489566613 0.10191518467852258 0.20545746388443017
0 0.19699042407660738 0.478330658105939 0.09370725034199727 0.20706260032102727
0 0.20314637482900136 0.6958266452648475 0.11969904240766074 0.24398073836276082
0 0.07694938440492476 0.8346709470304976 0.1381668946648427 0.27768860353130015
0 0.179890560875513 0.8876404494382022 0.06497948016415869 0.15248796147672553
0 0.2506839945280438 0.8820224719101124 0.07250341997264022 0.17014446227929375
0 0.29411764705882354 0.7375601926163724 0.06087551299589603 0.1508828250401284
0 0.3235294117647059 0.8780096308186196 0.06908344733242135 0.16853932584269662
