0 0.24281805745554036 0.8836276083467095 0.0759233926128591 0.18298555377207062
0 0.3368673050615595 0.8611556982343499 0.09165526675786594 0.22792937399678972
0 0.4042407660738714 0.6749598715890851 0.11422708618331054 0.2825040128410915
0 0.4121067031463748 0.8980738362760835 0.06292749658002736 0.15730337078651685
0 0.4993160054719562 0.7439807383627608 0.06087551299589603 0.15730337078651685
0 0.48153214774281805 0.8948635634028892 0.0677154582763338 0.16051364365971107
0 0.563953488372093 0.8579454253611557 0.09849521203830369 0.22792937399678972
0 0.6190150478796169 0.666131621187801 0.11012311901504789 0.24558587479935795
0 0.6617647058823529 0.8683788121990369 0.08481532147742818 0.21669341894060995
0 0.7370041039671683 0.9028892455858748 0.06155950752393981 0.14125200642054575
