0 0.22606019151846785 0.3186195826645265 0.06703146374829001 0.14446227929373998
0 0.1740766073871409 0.4028892455858748 0.06976744186046512 0.13643659711075443
0 0.16792065663474692 0.5746388443017657 0.1012311901504788 0.21669341894060995
0 0.2551299589603283 0.48154093097913325 0.09370725034199727 0.2102728731942215
0 0.2609439124487004 0.6958266452648475 0.11901504787961696 0.24077046548956663
0 0.13577291381668946 0.8362760834670947 0.13679890560875513 0.2808988764044944
0 0.2359781121751026 0.891653290529695 0.0677154582763338 0.16051364365971107
0 0.3067715458276334 0.8788121990369181 0.07387140902872777 0.17014446227929375
0 0.3508891928864569 0.7367576243980738 0.06361149110807114 0.15248796147672553
0 0.3796169630642955 0.8796147672552167 0.0704514363885089 0.17495987158908508
