0 0.3136114911080711 0.5601926163723917 0.09712722298221614 0.22632423756019263
0 0.22264021887824897 0.6685393258426966 0.08891928864569083 0.2247191011235955
0 0.23153214774281805 0.8964686998394864 0.07113543091655267 0.15409309791332262
0 0.1354309165526676 0.8362760834670947 0.1347469220246238 0.27447833065810595
0 0.3789329685362517 0.877207062600321 0.073187414500684 0.18619582664526485
0 0.42578659370725036 0.7118780096308186 0.08481532147742818 0.2086677367576244
0 0.4473324213406293 0.8948635634028892 0.06361149110807114 0.15409309791332262
0 0.5078659370725034 0.8956661316211878 0.058823529411764705 0.1492776886035313
0 0.5745554035567716 0.8852327447833066 0.07181942544459645 0.17014446227929375
0 0.3136114911080711 0.7857142857142857 0.11764705882352941 0.23434991974317818
