0 0.3002735978112175 0.8820224719101124 0.0786593707250342 0.18298555377207062
0 0.39466484268125857 0.862760834670947 0.09097127222982217 0.2247191011235955
0 0.4606703146374829 0.6781701444622793 0.11764705882352941 0.2857142857142857
0 0.47127222982216144 0.8964686998394864 0.06361149110807114 0.15409309791332262
0 0.5543775649794802 0.7455858747993579 0.06292749658002736 0.15730337078651685
0 0.5379616963064295 0.8972712680577849 0.06839945280437756 0.16853932584269662
0 0.6224350205198358 0.8579454253611557 0.09917920656634747 0.23434991974317818
0 0.6778385772913816 0.6645264847512039 0.11149110807113544 0.2552166934189406
0 0.7188782489740082 0.8691813804173355 0.08823529411764706 0.21508828250401285
0 0.7937756497948016 0.9052969502407705 0.06292749658002736 0.14606741573033707
