0 0.3738030095759234 0.8611556982343499 0.08891928864569083 0.21829855537720708
0 0.48700410396716826 0.8298555377207063 0.11969904240766074 0.2841091492776886
0 0.5410396716826266 0.6508828250401284 0.06224350205198358 0.1508828250401284
0 0.5878932968536251 0.7560192616372392 0.06429548563611491 0.1492776886035313
0 0.6474008207934336 0.6741573033707865 0.06839945280437756 0.15890850722311398
0 0.576265389876881 0.898876404494382 0.06292749658002736 0.14285714285714285
0 0.6521887824897401 0.8683788121990369 0.08755129958960328 0.21669341894060995
0 0.7147742818057455 0.7455858747993579 0.07181942544459645 0.17014446227929375
0 0.731532147742818 0.9069020866773676 0.06703146374829001 0.1492776886035313
0 0.8156634746922025 0.85553772070626 0.1121751025991792 0.26163723916532905
