0 0.5919972640218878 0.7142857142857143 0.06292749658002736 0.1492776886035313
0 0.551641586867305 0.8651685393258427 0.09439124487004104 0.21990369181380418
0 0.6296169630642955 0.9004815409309791 0.06429548563611491 0.13964686998394862
0 0.667578659370725 0.7407704654895666 0.09097127222982217 0.21187800963081863
0 0.6987004103967168 0.906099518459069 0.06566347469220246 0.14446227929373998
0 0.7472640218878249 0.7279293739967897 0.06976744186046512 0.17656500802568217
0 0.7674418604651163 0.8956661316211878 0.073187414500684 0.17495987158908508
0 0.8286593707250342 0.6091492776886035 0.11764705882352941 0.28892455858747995
0 0.8587551299589603 0.8691813804173355 0.11627906976744186 0.24719101123595505
0 0.9528043775649795 0.898876404494382 0.06497948016415869 0.1492776886035313
