0 0.893296853625171 0.8996789727126806 0.06634746922024624 0.15409309791332262
0 0.8002735978112175 0.8707865168539326 0.11422708618331054 0.2504012841091493
0 0.768467852257182 0.6075441412520064 0.12175102599179206 0.29213483146067415
0 0.6898084815321477 0.7287319422150883 0.06976744186046512 0.17174959871589085
0 0.6108071135430917 0.7431781701444623 0.08823529411764706 0.21669341894060995
0 0.7099863201094391 0.8956661316211878 0.0704514363885089 0.17495987158908508
0 0.6405608755129959 0.9044943820224719 0.06839945280437756 0.1508828250401284
0 0.5728454172366622 0.9012841091492777 0.06429548563611491 0.14125200642054575
0 0.5348837209302325 0.7126805778491172 0.06224350205198358 0.15569823434991975
0 0.493844049247606 0.8643659711075441 0.09507523939808482 0.22150882825040127
