0 0.8683310533515732 0.6861958266452648 0.12859097127222982 0.29213483146067415
0 0.8946648426812586 0.9012841091492777 0.06634746922024624 0.15730337078651685
0 0.8012995896032832 0.8623595505617978 0.10807113543091655 0.2640449438202247
0 0.7267441860465116 0.7319422150882825 0.07660738714090287 0.16853932584269662
0 0.7106703146374829 0.8964686998394864 0.07181942544459645 0.17656500802568217
0 0.6419288645690835 0.9036918138041734 0.06703146374829001 0.15890850722311398
0 0.6138850889192886 0.7375601926163724 0.09028727770177838 0.21508828250401285
0 0.5769493844049247 0.9012841091492777 0.06155950752393981 0.14446227929373998
0 0.5270177838577291 0.651685393258427 0.09439124487004104 0.2391653290529695
0 0.49658002735978113 0.8667736757624398 0.09507523939808482 0.21669341894060995
