0 0.40013679890560877 0.6235955056179775 0.09507523939808482 0.2247191011235955
0 0.3738030095759234 0.8579454253611557 0.09165526675786594 0.22792937399678972
0 0.4914500683994528 0.8322632423756019 0.12038303693570451 0.27608346709470305
0 0.4781121751025992 0.6115569823434992 0.06361149110807114 0.14285714285714285
0 0.5465116279069767 0.6468699839486356 0.07181942544459645 0.1653290529695024
0 0.5950752393980848 0.7584269662921348 0.06224350205198358 0.1476725521669342
0 0.579343365253078 0.9004815409309791 0.06224350205198358 0.13643659711075443
0 0.6573187414500684 0.8691813804173355 0.08686730506155951 0.20545746388443017
0 0.6504787961696307 0.6837881219903692 0.06224350205198358 0.1492776886035313
0 0.7585499316005472 0.862760834670947 0.10601915184678523 0.26003210272873195
