0 0.5834473324213406 0.6492776886035313 0.09507523939808482 0.2375601926163724
0 0.554719562243502 0.8667736757624398 0.09644322845417237 0.21669341894060995
0 0.6337209302325582 0.9020866773675762 0.06155950752393981 0.13964686998394862
0 0.6696306429548564 0.7407704654895666 0.08960328317373462 0.2086677367576244
0 0.7000683994528044 0.9052969502407705 0.06839945280437756 0.14285714285714285
0 0.7681258549931601 0.8932584269662921 0.07181942544459645 0.1797752808988764
0 0.7848837209302325 0.7295345104333868 0.07523939808481532 0.16693418940609953
0 0.8573871409028728 0.8611556982343499 0.11080711354309165 0.26324237560192615
0 0.9295485636114911 0.6813804173354735 0.1238030095759234 0.2953451043338684
0 0.9517783857729138 0.898876404494382 0.06566347469220246 0.15569823434991975
