0 0.4835841313269494 0.6556982343499197 0.06087551299589603 0.15409309791332262
0 0.429890560875513 0.8298555377207063 0.11901504787961696 0.29052969502407705
0 0.53077975376197 0.7536115569823435 0.06087551299589603 0.1508828250401284
0 0.5205198358413132 0.898876404494382 0.05950752393980848 0.14285714285714285
0 0.5930232558139535 0.8675762439807384 0.08960328317373462 0.21508828250401285
0 0.5902872777017784 0.6725521669341894 0.07181942544459645 0.15890850722311398
0 0.6566347469220246 0.7487961476725522 0.073187414500684 0.17335473515248795
0 0.6744186046511628 0.9069020866773676 0.06634746922024624 0.1492776886035313
0 0.7595759233926128 0.8579454253611557 0.10533515731874145 0.2568218298555377
0 0.3183994528043776 0.8643659711075441 0.08755129958960328 0.23113964686998395
