0 0.7004103967168263 0.8643659711075441 0.10328317373461013 0.26003210272873195
0 0.5984952120383037 0.8651685393258427 0.08823529411764706 0.21348314606741572
0 0.5933652530779754 0.6837881219903692 0.06155950752393981 0.14285714285714285
0 0.5379616963064295 0.7600321027287319 0.06155950752393981 0.14446227929373998
0 0.521545827633379 0.898876404494382 0.06292749658002736 0.13964686998394862
0 0.43502051983584133 0.8330658105939005 0.11833105335157319 0.28731942215088285
0 0.4893980848153215 0.6484751203852327 0.07250341997264022 0.15890850722311398
0 0.4220246238030096 0.6131621187800963 0.06361149110807114 0.14285714285714285
0 0.3430232558139535 0.6308186195826645 0.09575923392612859 0.2391653290529695
0 0.31634746922024626 0.8659711075441413 0.08891928864569083 0.22792937399678972
