0 0.03847469220246238 0.6565008025682183 0.07694938440492476 0.17174959871589085
0 0.05813953488372093 0.85553772070626 0.10191518467852258 0.23274478330658105
0 0.13064295485636115 0.8828250401284109 0.06908344733242135 0.16211878009630817
0 0.15629274965800274 0.6902086677367576 0.11080711354309165 0.2712680577849117
0 0.22366621067031464 0.6043338683788122 0.0677154582763338 0.1476725521669342
0 0.24521203830369356 0.7375601926163724 0.06429548563611491 0.14446227929373998
0 0.21785225718194254 0.8828250401284109 0.07113543091655267 0.1781701444622793
0 0.301983584131327 0.8643659711075441 0.09302325581395349 0.22150882825040127
0 0.34610123119015046 0.6324237560192616 0.1238030095759234 0.2808988764044944
0 0.3960328317373461 0.8659711075441413 0.08960328317373462 0.2247191011235955
