0 0.11320109439124487 0.6468699839486356 0.07934336525307797 0.17495987158908508
0 0.11696306429548564 0.8563402889245586 0.10328317373461013 0.24077046548956663
0 0.19596443228454172 0.8178170144462279 0.06155950752393981 0.15409309791332262
0 0.2612859097127223 0.884430176565008 0.073187414500684 0.17174959871589085
0 0.34131326949384405 0.8635634028892456 0.09233926128590972 0.2231139646869984
0 0.3850889192886457 0.6340288924558587 0.12243502051983585 0.2841091492776886
0 0.43399452804377564 0.8651685393258427 0.09028727770177838 0.22632423756019263
0 0.49794801641586867 0.7648475120385233 0.06361149110807114 0.15730337078651685
0 0.5177838577291382 0.898876404494382 0.06497948016415869 0.13964686998394862
0 0.5813953488372093 0.8996789727126806 0.06361149110807114 0.16051364365971107
