0 0.28214774281805743 0.8707865168539326 0.09302325581395349 0.22150882825040127
0 0.36388508891928867 0.8932584269662921 0.06908344733242135 0.15409309791332262
0 0.3987688098495212 0.6974317817014446 0.11012311901504789 0.2536115569823435
0 0.5010259917920656 0.7110754414125201 0.09439124487004104 0.23274478330658105
0 0.43023255813953487 0.8836276083467095 0.0759233926128591 0.17335473515248795
0 0.5041039671682627 0.8972712680577849 0.05950752393980848 0.13964686998394862
0 0.5666894664842681 0.8980738362760835 0.057455540355677154 0.14446227929373998
0 0.6084131326949385 0.6998394863563403 0.11627906976744186 0.27768860353130015
0 0.6289329685362517 0.9004815409309791 0.060191518467852256 0.14606741573033707
0 0.7048563611491108 0.8739967897271268 0.09028727770177838 0.21187800963081863
