0 0.3276333789329685 0.6284109149277689 0.1265389876880985 0.2825040128410915
0 0.28419972640218877 0.8643659711075441 0.09302325581395349 0.2247191011235955
0 0.3748290013679891 0.8651685393258427 0.09233926128590972 0.22953451043338685
0 0.4408344733242134 0.7608346709470305 0.06292749658002736 0.15248796147672553
0 0.45998632010943913 0.9020866773675762 0.06292749658002736 0.13964686998394862
0 0.5225718194254446 0.8956661316211878 0.06224350205198358 0.15890850722311398
0 0.05506155950752394 0.6460674157303371 0.07934336525307797 0.17014446227929375
0 0.057455540355677154 0.8547351524879615 0.10191518467852258 0.24077046548956663
0 0.13645690834473323 0.8154093097913323 0.060191518467852256 0.1653290529695024
0 0.20177838577291382 0.8836276083467095 0.073187414500684 0.17656500802568217
