0 0.301983584131327 0.6821829855537721 0.09575923392612859 0.23595505617977527
0 0.27906976744186046 0.8820224719101124 0.0704514363885089 0.17656500802568217
0 0.3601231190150479 0.8643659711075441 0.09028727770177838 0.22150882825040127
0 0.4377564979480164 0.8884430176565008 0.06634746922024624 0.1637239165329053
0 0.4794801641586867 0.7062600321027287 0.11285909712722299 0.26163723916532905
0 0.5153898768809849 0.8828250401284109 0.06703146374829001 0.17174959871589085
0 0.5619015047879617 0.7640449438202247 0.06155950752393981 0.15248796147672553
0 0.5967852257181943 0.8972712680577849 0.058823529411764705 0.1492776886035313
0 0.655266757865937 0.9004815409309791 0.06087551299589603 0.14285714285714285
0 0.7390560875512996 0.8739967897271268 0.09575923392612859 0.21187800963081863
