0 0.2417920656634747 0.6837881219903692 0.09575923392612859 0.22953451043338685
0 0.21956224350205197 0.8764044943820225 0.073187414500684 0.17495987158908508
0 0.301983584131327 0.8659711075441413 0.09165526675786594 0.22792937399678972
0 0.3796169630642955 0.8868378812199037 0.06634746922024624 0.16693418940609953
0 0.4213406292749658 0.7054574638844302 0.11285909712722299 0.2536115569823435
0 0.5078659370725034 0.7648475120385233 0.057455540355677154 0.1508828250401284
0 0.45930232558139533 0.8820224719101124 0.06976744186046512 0.17656500802568217
0 0.539671682626539 0.8948635634028892 0.05950752393980848 0.1508828250401284
0 0.5988372093023255 0.898876404494382 0.06155950752393981 0.14606741573033707
0 0.6802325581395349 0.8739967897271268 0.09712722298221614 0.21508828250401285
