0 0.34165526675786595 0.8635634028892456 0.09165526675786594 0.22632423756019263
0 0.420656634746922 0.891653290529695 0.06361149110807114 0.16693418940609953
0 0.4883720930232558 0.8820224719101124 0.07181942544459645 0.17335473515248795
0 0.5574555403556771 0.7078651685393258 0.08960328317373462 0.23274478330658105
0 0.5605335157318742 0.8956661316211878 0.06429548563611491 0.1492776886035313
0 0.66484268125855 0.7030497592295345 0.11969904240766074 0.27768860353130015
0 0.6241450068399452 0.8996789727126806 0.058823529411764705 0.1508828250401284
0 0.686046511627907 0.9004815409309791 0.06087551299589603 0.14285714285714285
0 0.7595759233926128 0.8731942215088283 0.09439124487004104 0.21669341894060995
0 0.45690834473324216 0.6998394863563403 0.10738714090287278 0.26163723916532905
