0 0.09781121751025992 0.6556982343499197 0.07729138166894665 0.17656500802568217
0 0.11764705882352941 0.8547351524879615 0.10191518467852258 0.2375601926163724
0 0.19151846785225718 0.8836276083467095 0.06634746922024624 0.1637239165329053
0 0.2137482900136799 0.6886035313001605 0.11080711354309165 0.2680577849117175
0 0.2753077975376197 0.8788121990369181 0.07113543091655267 0.18298555377207062
0 0.3026675786593707 0.7391653290529695 0.06566347469220246 0.14446227929373998
0 0.28317373461012313 0.6043338683788122 0.0677154582763338 0.1476725521669342
0 0.36114911080711354 0.8667736757624398 0.09233926128590972 0.2231139646869984
0 0.40355677154582764 0.6316211878009631 0.12517099863201095 0.27608346709470305
0 0.4524623803009576 0.8571428571428571 0.08891928864569083 0.23274478330658105
