0 0.5742134062927496 0.869983948635634 0.09165526675786594 0.21990369181380418
0 0.612859097127223 0.7174959871589085 0.05677154582763338 0.14606741573033707
0 0.6709986320109439 0.8579454253611557 0.09781121751025992 0.23434991974317818
0 0.7397400820793434 0.7255216693418941 0.08755129958960328 0.21348314606741572
0 0.8132694938440492 0.709470304975923 0.05813953488372093 0.15248796147672553
0 0.7818057455540356 0.8932584269662921 0.073187414500684 0.17656500802568217
0 0.8820109439124487 0.6035313001605136 0.12995896032831739 0.26484751203852325
0 0.9504103967168263 0.7439807383627608 0.06703146374829001 0.15409309791332262
0 0.9528043775649795 0.9004815409309791 0.05950752393980848 0.15569823434991975
0 0.8765389876880985 0.8611556982343499 0.1039671682626539 0.24719101123595505
