0 0.5177838577291382 0.8667736757624398 0.09097127222982217 0.22632423756019263
0 0.5567715458276333 0.7174959871589085 0.05677154582763338 0.14285714285714285
0 0.612859097127223 0.8587479935794543 0.09781121751025992 0.24558587479935795
0 0.6819425444596443 0.7215088282504013 0.08823529411764706 0.21829855537720708
0 0.7229822161422709 0.891653290529695 0.073187414500684 0.17335473515248795
0 0.7547879616963065 0.7086677367576244 0.058823529411764705 0.15409309791332262
0 0.8255813953488372 0.6027287319422151 0.1238030095759234 0.2664526484751204
0 0.8936388508891929 0.7399678972712681 0.060191518467852256 0.14285714285714285
0 0.8967168262653898 0.9036918138041734 0.05813953488372093 0.15569823434991975
0 0.8163474692202463 0.8603531300160514 0.106703146374829 0.2391653290529695
