0 0.5697674418604651 0.8691813804173355 0.09370725034199727 0.21829855537720708
0 0.6080711354309165 0.7207062600321027 0.05540355677154583 0.1492776886035313
0 0.6679206566347469 0.6565008025682183 0.07113543091655267 0.16853932584269662
0 0.716484268125855 0.5537720706260032 0.06155950752393981 0.13964686998394862
0 0.6696306429548564 0.8603531300160514 0.09644322845417237 0.23274478330658105
0 0.7390560875512996 0.7279293739967897 0.08755129958960328 0.21829855537720708
0 0.8115595075239398 0.7086677367576244 0.0560875512995896 0.1508828250401284
0 0.7824897400820794 0.8924558587479936 0.07181942544459645 0.17174959871589085
0 0.9519493844049247 0.9012841091492777 0.05848153214774282 0.16051364365971107
0 0.8755129958960328 0.8579454253611557 0.10601915184678523 0.2664526484751204
