0 0.16484268125854992 0.8924558587479936 0.06361149110807114 0.15248796147672553
0 0.23563611491108072 0.8948635634028892 0.06155950752393981 0.15730337078651685
0 0.3016415868673051 0.8924558587479936 0.06224350205198358 0.14606741573033707
0 0.3180574555403557 0.7327447833065811 0.06908344733242135 0.1637239165329053
0 0.3755129958960328 0.8643659711075441 0.09097127222982217 0.2247191011235955
0 0.46716826265389877 0.8956661316211878 0.08549931600547196 0.14285714285714285
0 0.5451436388508892 0.906099518459069 0.05950752393980848 0.14446227929373998
0 0.5383036935704515 0.7552166934189406 0.06634746922024624 0.16051364365971107
0 0.6173050615595075 0.8587479935794543 0.09575923392612859 0.2391653290529695
0 0.7260601915184679 0.869983948635634 0.11080711354309165 0.23274478330658105
