0 0.5133378932968536 0.869983948635634 0.09028727770177838 0.21990369181380418
0 0.5509575923392613 0.7207062600321027 0.058823529411764705 0.14285714285714285
0 0.6104651162790697 0.8603531300160514 0.09575923392612859 0.2391653290529695
0 0.6108071135430917 0.6581059390048154 0.06908344733242135 0.16211878009630817
0 0.6603967168262654 0.5561797752808989 0.060191518467852256 0.14446227929373998
0 0.6809165526675787 0.7295345104333868 0.08618331053351573 0.21187800963081863
0 0.7240082079343365 0.8924558587479936 0.07250341997264022 0.17495987158908508
0 0.7547879616963065 0.7078651685393258 0.05471956224350205 0.1492776886035313
0 0.8956908344733242 0.8996789727126806 0.057455540355677154 0.15409309791332262
0 0.8163474692202463 0.8659711075441413 0.10533515731874145 0.26003210272873195
