0 0.14774281805745554 0.8908507223113965 0.06361149110807114 0.1492776886035313
0 0.21409028727770177 0.8948635634028892 0.0677154582763338 0.1476725521669342
0 0.28419972640218877 0.8852327447833066 0.07250341997264022 0.17014446227929375
0 0.33515731874145005 0.6966292134831461 0.1238030095759234 0.2808988764044944
0 0.3645690834473324 0.8964686998394864 0.06497948016415869 0.1476725521669342
0 0.43946648426812585 0.8619582664526485 0.08891928864569083 0.22953451043338685
0 0.4945280437756498 0.6573033707865169 0.09507523939808482 0.22150882825040127
0 0.5328317373461012 0.8691813804173355 0.08823529411764706 0.21829855537720708
0 0.6032831737346102 0.9052969502407705 0.06224350205198358 0.13643659711075443
0 0.688782489740082 0.8523274478330658 0.11012311901504789 0.2712680577849117
