0 0.08857729138166895 0.8892455858747994 0.06429548563611491 0.15248796147672553
0 0.15492476060191518 0.8932584269662921 0.06566347469220246 0.15730337078651685
0 0.22674418604651161 0.8756019261637239 0.07523939808481532 0.1797752808988764
0 0.2756497948016416 0.6918138041733547 0.1238030095759234 0.28731942215088285
0 0.3081395348837209 0.891653290529695 0.06155950752393981 0.1476725521669342
0 0.380984952120383 0.8635634028892456 0.08823529411764706 0.2231139646869984
0 0.4384404924760602 0.6597110754414125 0.09507523939808482 0.21990369181380418
0 0.47606019151846785 0.8675762439807384 0.08960328317373462 0.21508828250401285
0 0.5458276333789329 0.906099518459069 0.06224350205198358 0.13804173354735153
0 0.631155950752394 0.85553772070626 0.10841313269493844 0.26484751203852325
