0 0.22503419972640218 0.8932584269662921 0.06361149110807114 0.16051364365971107
0 0.2948016415868673 0.8940609951845907 0.06361149110807114 0.16211878009630817
0 0.3587551299589603 0.8948635634028892 0.06292749658002736 0.14446227929373998
0 0.3741450068399453 0.7383627608346709 0.07181942544459645 0.1653290529695024
0 0.43467852257181944 0.8619582664526485 0.09028727770177838 0.2231139646869984
0 0.524281805745554 0.8980738362760835 0.08755129958960328 0.14125200642054575
0 0.600547195622435 0.9052969502407705 0.06224350205198358 0.13643659711075443
0 0.5919972640218878 0.7536115569823435 0.07113543091655267 0.16051364365971107
0 0.6754445964432284 0.8579454253611557 0.09575923392612859 0.2375601926163724
0 0.7855677154582763 0.869983948635634 0.11080711354309165 0.2552166934189406
