0 0.05437756497948017 0.8932584269662921 0.06976744186046512 0.14446227929373998
0 0.18844049247606018 0.7086677367576244 0.12995896032831739 0.2664526484751204
0 0.13132694938440492 0.8996789727126806 0.06361149110807114 0.1508828250401284
0 0.24076607387140903 0.8820224719101124 0.07455540355677155 0.16693418940609953
0 0.3074555403556772 0.8932584269662921 0.058823529411764705 0.13804173354735153
0 0.38303693570451436 0.8619582664526485 0.08960328317373462 0.2231139646869984
0 0.4380984952120383 0.6597110754414125 0.09302325581395349 0.2231139646869984
0 0.4750341997264022 0.8675762439807384 0.08891928864569083 0.21508828250401285
0 0.5454856361149111 0.9069020866773676 0.06155950752393981 0.13001605136436598
0 0.07250341997264022 0.6974317817014446 0.10738714090287278 0.2536115569823435
