0 0.2609439124487004 0.8635634028892456 0.09165526675786594 0.22953451043338685
0 0.3652530779753762 0.8290529695024077 0.11969904240766074 0.3017656500802568
0 0.44528043775649795 0.7447833065810594 0.06361149110807114 0.1492776886035313
0 0.4784541723666211 0.6035313001605136 0.06155950752393981 0.14285714285714285
0 0.463406292749658 0.8812199036918138 0.06839945280437756 0.17174959871589085
0 0.5383036935704515 0.8964686998394864 0.05813953488372093 0.1508828250401284
0 0.5331737346101231 0.7199036918138042 0.08891928864569083 0.20545746388443017
0 0.7250341997264022 0.8587479935794543 0.11285909712722299 0.2552166934189406
0 0.7790697674418605 0.7062600321027287 0.06908344733242135 0.16853932584269662
0 0.8290013679890561 0.8707865168539326 0.09507523939808482 0.22792937399678972
