0 0.05540355677154583 0.8908507223113965 0.06634746922024624 0.15569823434991975
0 0.13166894664842682 0.8932584269662921 0.06155950752393981 0.15409309791332262
0 0.14534883720930233 0.5272873194221509 0.07113543091655267 0.16693418940609953
0 0.18844049247606018 0.7126805778491172 0.12722298221614228 0.27447833065810595
0 0.3012995896032832 0.7134831460674157 0.09575923392612859 0.23113964686998395
0 0.2414500683994528 0.8852327447833066 0.07181942544459645 0.17014446227929375
0 0.30984952120383036 0.8972712680577849 0.06361149110807114 0.14285714285714285
0 0.38611491108071133 0.8675762439807384 0.09302325581395349 0.2247191011235955
0 0.265389876880985 0.5120385232744783 0.08960328317373462 0.20706260032102727
0 0.07387140902872777 0.6966292134831461 0.11285909712722299 0.2552166934189406
