0 0.11354309165526676 0.8892455858747994 0.06634746922024624 0.15569823434991975
0 0.19117647058823528 0.8956661316211878 0.06839945280437756 0.15248796147672553
0 0.24794801641586867 0.7118780096308186 0.1326949384404925 0.27608346709470305
0 0.29856361149110805 0.8820224719101124 0.07387140902872777 0.17014446227929375
0 0.36388508891928867 0.8948635634028892 0.06224350205198358 0.14446227929373998
0 0.44049247606019154 0.8603531300160514 0.09097127222982217 0.22953451043338685
0 0.4948700410396717 0.6565008025682183 0.09575923392612859 0.22953451043338685
0 0.5345417236662107 0.8691813804173355 0.08891928864569083 0.21829855537720708
0 0.6046511627906976 0.906099518459069 0.06361149110807114 0.13162118780096307
0 0.1296169630642955 0.6982343499197432 0.11080711354309165 0.24558587479935795
