0 0.31942544459644323 0.8619582664526485 0.09233926128590972 0.2231139646869984
0 0.423734610123119 0.8274478330658106 0.12038303693570451 0.2953451043338684
0 0.43912448700410395 0.6091492776886035 0.06224350205198358 0.1508828250401284
0 0.4893980848153215 0.5208667736757624 0.06429548563611491 0.1476725521669342
0 0.5058139534883721 0.695024077046549 0.08618331053351573 0.21669341894060995
0 0.5218878248974008 0.8860353130016051 0.06908344733242135 0.17174959871589085
0 0.5930232558139535 0.8972712680577849 0.05950752393980848 0.15248796147672553
0 0.5564295485636115 0.5738362760834671 0.057455540355677154 0.1508828250401284
0 0.6190150478796169 0.7142857142857143 0.09917920656634747 0.2680577849117175
0 0.7079343365253078 0.8635634028892456 0.09507523939808482 0.22632423756019263
