0 0.7821477428180574 0.8603531300160514 0.11627906976744186 0.25842696629213485
0 0.8358413132694938 0.709470304975923 0.06908344733242135 0.1653290529695024
0 0.8861149110807114 0.8691813804173355 0.09302325581395349 0.2247191011235955
0 0.32079343365253077 0.8619582664526485 0.09097127222982217 0.22953451043338685
0 0.42544459644322846 0.8290529695024077 0.11969904240766074 0.2985553772070626
0 0.5034199726402189 0.7439807383627608 0.06361149110807114 0.1508828250401284
0 0.5201778385772914 0.8860353130016051 0.06839945280437756 0.17174959871589085
0 0.5341997264021888 0.6051364365971108 0.06224350205198358 0.14606741573033707
0 0.5902872777017784 0.7231139646869984 0.08823529411764706 0.20545746388443017
0 0.5950752393980848 0.8996789727126806 0.05950752393980848 0.14446227929373998
