0 0.5359097127222983 0.8980738362760835 0.058823529411764705 0.1476725521669342
0 0.6497948016415869 0.8603531300160514 0.09370725034199727 0.23274478330658105
0 0.46511627906976744 0.8860353130016051 0.06908344733242135 0.16211878009630817
0 0.4497264021887825 0.6966292134831461 0.08891928864569083 0.21348314606741572
0 0.5020519835841313 0.57223113964687 0.05677154582763338 0.15409309791332262
0 0.43091655266757867 0.5176565008025682 0.06087551299589603 0.1476725521669342
0 0.3816689466484268 0.6107544141252006 0.06497948016415869 0.1476725521669342
0 0.36627906976744184 0.8290529695024077 0.11764705882352941 0.30497592295345105
0 0.26299589603283174 0.8635634028892456 0.09302325581395349 0.2231139646869984
0 0.560875512995896 0.7070626003210273 0.09917920656634747 0.2504012841091493
