0 0.11593707250341997 0.8908507223113965 0.06839945280437756 0.15890850722311398
0 0.18946648426812585 0.8964686998394864 0.06361149110807114 0.1508828250401284
0 0.20314637482900136 0.5256821829855538 0.07455540355677155 0.16693418940609953
0 0.246922024623803 0.7150882825040128 0.13064295485636115 0.2825040128410915
0 0.3259233926128591 0.5112359550561798 0.09712722298221614 0.21187800963081863
0 0.359781121751026 0.7134831460674157 0.09507523939808482 0.23113964686998395
0 0.29958960328317374 0.8796147672552167 0.07181942544459645 0.17495987158908508
0 0.36764705882352944 0.8956661316211878 0.06566347469220246 0.13964686998394862
0 0.4428864569083447 0.8643659711075441 0.09165526675786594 0.22792937399678972
0 0.13030095759233926 0.695024077046549 0.1121751025991792 0.24879614767255218
