0 0.43023255813953487 0.8587479935794543 0.08823529411764706 0.23274478330658105
0 0.5085499316005472 0.8972712680577849 0.06429548563611491 0.15890850722311398
0 0.5704514363885089 0.9044943820224719 0.06497948016415869 0.1476725521669342
0 0.6361149110807114 0.8908507223113965 0.0677154582763338 0.16853932584269662
0 0.6696306429548564 0.7471910112359551 0.06087551299589603 0.14446227929373998
0 0.7359781121751026 0.8667736757624398 0.1210670314637483 0.24879614767255218
0 0.8177154582763337 0.6749598715890851 0.12311901504787962 0.27929373996789725
0 0.841655266757866 0.8964686998394864 0.07523939808481532 0.17335473515248795
0 0.9223666210670315 0.8635634028892456 0.10259917920656635 0.23595505617977527
0 0.9220246238030095 0.6396468699839486 0.09233926128590972 0.21508828250401285
