0 0.10054719562243503 0.8892455858747994 0.06224350205198358 0.16211878009630817
0 0.16552667578659372 0.891653290529695 0.06361149110807114 0.1476725521669342
0 0.2414500683994528 0.8619582664526485 0.09644322845417237 0.22632423756019263
0 0.326265389876881 0.8996789727126806 0.06361149110807114 0.14446227929373998
0 0.38269493844049246 0.7463884430176565 0.09028727770177838 0.21990369181380418
0 0.4856361149110807 0.8322632423756019 0.11969904240766074 0.29213483146067415
0 0.655266757865937 0.8900481540930979 0.06908344733242135 0.16693418940609953
0 0.7494870041039672 0.8683788121990369 0.12277701778385773 0.24879614767255218
0 0.8495212038303693 0.8956661316211878 0.073187414500684 0.1781701444622793
0 0.9233926128590971 0.8611556982343499 0.10465116279069768 0.2375601926163724
