0 0.8673050615595075 0.8611556982343499 0.10191518467852258 0.2247191011235955
0 0.7913816689466484 0.8956661316211878 0.07181942544459645 0.17174959871589085
0 0.6935704514363885 0.8691813804173355 0.1210670314637483 0.24719101123595505
0 0.5984952120383037 0.8924558587479936 0.06908344733242135 0.17174959871589085
0 0.42886456908344733 0.8274478330658106 0.11833105335157319 0.29213483146067415
0 0.32489740082079344 0.7455858747993579 0.09233926128590972 0.21508828250401285
0 0.2694938440492476 0.8948635634028892 0.06497948016415869 0.13804173354735153
0 0.18331053351573187 0.8619582664526485 0.09507523939808482 0.21990369181380418
0 0.041723666210670314 0.8892455858747994 0.06634746922024624 0.15569823434991975
0 0.10704514363885088 0.8932584269662921 0.06292749658002736 0.1476725521669342
