0 0.6183310533515732 0.9020866773675762 0.05950752393980848 0.16211878009630817
0 0.4326265389876881 0.8306581059390048 0.11901504787961696 0.3017656500802568
0 0.3389192886456908 0.8812199036918138 0.07387140902872777 0.1781701444622793
0 0.28283173734610123 0.7375601926163724 0.1012311901504788 0.22792937399678972
0 0.19459644322845418 0.8667736757624398 0.09575923392612859 0.21990369181380418
0 0.16142270861833105 0.6918138041733547 0.0677154582763338 0.18138041733547353
0 0.12517099863201095 0.5537720706260032 0.05677154582763338 0.1492776886035313
0 0.08344733242134063 0.7158908507223114 0.08686730506155951 0.21990369181380418
0 0.10978112175102599 0.8924558587479936 0.06566347469220246 0.13964686998394862
0 0.04274965800273598 0.891653290529695 0.06292749658002736 0.15730337078651685
