0 0.06634746922024624 0.3900481540930979 0.11149110807113544 0.26163723916532905
0 0.11696306429548564 0.5658105939004815 0.05813953488372093 0.1476725521669342
0 0.19186046511627908 0.5088282504012841 0.09439124487004104 0.2231139646869984
0 0.16210670314637482 0.6974317817014446 0.0677154582763338 0.17656500802568217
0 0.08002735978112176 0.7199036918138042 0.08549931600547196 0.21829855537720708
0 0.23187414500683995 0.6886035313001605 0.06908344733242135 0.1653290529695024
0 0.041723666210670314 0.8924558587479936 0.06361149110807114 0.15569823434991975
0 0.10772913816689467 0.8932584269662921 0.06566347469220246 0.14446227929373998
0 0.19699042407660738 0.8635634028892456 0.09370725034199727 0.2231139646869984
0 0.3112175102599179 0.8170144462279294 0.11559507523939809 0.3097913322632424
