0 0.8662790697674418 0.8635634028892456 0.09986320109439124 0.22632423756019263
0 0.792407660738714 0.8948635634028892 0.07113543091655267 0.17335473515248795
0 0.6939124487004104 0.8675762439807384 0.12311901504787962 0.2504012841091493
0 0.5981532147742818 0.8852327447833066 0.06839945280437756 0.17014446227929375
0 0.5133378932968536 0.8242375601926164 0.11491108071135431 0.3017656500802568
0 0.4021887824897401 0.7303370786516854 0.09370725034199727 0.21348314606741572
0 0.42886456908344733 0.8972712680577849 0.06634746922024624 0.14606741573033707
0 0.3642270861833105 0.8948635634028892 0.06429548563611491 0.14125200642054575
0 0.3006155950752394 0.8980738362760835 0.06155950752393981 0.1476725521669342
0 0.23461012311901505 0.8932584269662921 0.06224350205198358 0.1637239165329053
