0 0.18125854993160054 0.5537720706260032 0.05950752393980848 0.1492776886035313
0 0.13919288645690833 0.7150882825040128 0.08618331053351573 0.21187800963081863
0 0.10157318741450068 0.8884430176565008 0.06566347469220246 0.15730337078651685
0 0.16689466484268126 0.8940609951845907 0.06634746922024624 0.14285714285714285
0 0.2188782489740082 0.6910112359550562 0.0677154582763338 0.17335473515248795
0 0.2547879616963064 0.8651685393258427 0.09575923392612859 0.21990369181380418
0 0.3378932968536252 0.7399678972712681 0.09781121751025992 0.21669341894060995
0 0.3960328317373461 0.8828250401284109 0.07455540355677155 0.17495987158908508
0 0.4911080711354309 0.8330658105939005 0.12243502051983585 0.2841091492776886
0 0.6744186046511628 0.8956661316211878 0.06224350205198358 0.15569823434991975
