0 0.29309165526675784 0.8940609951845907 0.06566347469220246 0.16211878009630817
0 0.35772913816689467 0.8964686998394864 0.06361149110807114 0.1508828250401284
0 0.4223666210670315 0.8932584269662921 0.06429548563611491 0.1476725521669342
0 0.45930232558139533 0.7319422150882825 0.09028727770177838 0.21990369181380418
0 0.48803009575923395 0.9004815409309791 0.06566347469220246 0.14606741573033707
0 0.5697674418604651 0.826645264847512 0.11559507523939809 0.3130016051364366
0 0.6559507523939808 0.8892455858747994 0.06908344733242135 0.16853932584269662
0 0.7517099863201094 0.8683788121990369 0.12243502051983585 0.24879614767255218
0 0.8495212038303693 0.8948635634028892 0.073187414500684 0.17656500802568217
0 0.9247606019151847 0.8643659711075441 0.10328317373461013 0.23434991974317818
