0 0.12551299589603282 0.3852327447833066 0.11354309165526676 0.25842696629213485
0 0.2503419972640219 0.5120385232744783 0.09644322845417237 0.2391653290529695
0 0.17373461012311903 0.5658105939004815 0.05677154582763338 0.1476725521669342
0 0.13850889192886456 0.71669341894061 0.08755129958960328 0.2086677367576244
0 0.2188782489740082 0.695024077046549 0.0677154582763338 0.17495987158908508
0 0.28898768809849523 0.6861958266452648 0.06976744186046512 0.17014446227929375
0 0.10020519835841313 0.8884430176565008 0.06292749658002736 0.1637239165329053
0 0.16655266757865936 0.8932584269662921 0.06566347469220246 0.14446227929373998
0 0.2554719562243502 0.8643659711075441 0.09439124487004104 0.2247191011235955
0 0.36730506155950754 0.8162118780096308 0.11559507523939809 0.30818619582664525
