0 0.8645690834473324 0.8587479935794543 0.10054719562243503 0.22953451043338685
0 0.86593707250342 0.637239165329053 0.09097127222982217 0.20706260032102727
0 0.7612859097127223 0.6765650080256822 0.1238030095759234 0.27929373996789725
0 0.7845417236662107 0.8972712680577849 0.07455540355677155 0.17495987158908508
0 0.6111491108071135 0.7479935794542536 0.06292749658002736 0.15248796147672553
0 0.5800273597811217 0.8884430176565008 0.06908344733242135 0.1637239165329053
0 0.512311901504788 0.9004815409309791 0.06224350205198358 0.14606741573033707
0 0.4490424076607387 0.8996789727126806 0.06566347469220246 0.1508828250401284
0 0.37277701778385774 0.8587479935794543 0.09233926128590972 0.23274478330658105
0 0.6795485636114911 0.862760834670947 0.11627906976744186 0.2536115569823435
