0 0.8936388508891929 0.9052969502407705 0.060191518467852256 0.14606741573033707
0 0.8310533515731874 0.8900481540930979 0.0704514363885089 0.17656500802568217
0 0.7677838577291382 0.8354735152487961 0.06155950752393981 0.1476725521669342
0 0.7236662106703147 0.6974317817014446 0.11422708618331054 0.26003210272873195
0 0.7137482900136799 0.9036918138041734 0.06292749658002736 0.15890850722311398
0 0.6217510259917921 0.8426966292134831 0.12790697674418605 0.27447833065810595
0 0.5526675786593708 0.666131621187801 0.09097127222982217 0.21669341894060995
0 0.506155950752394 0.8571428571428571 0.09917920656634747 0.23274478330658105
0 0.4213406292749658 0.8836276083467095 0.073187414500684 0.17656500802568217
0 0.3320793433652531 0.906099518459069 0.06292749658002736 0.13804173354735153
