0 0.716484268125855 0.9004815409309791 0.06429548563611491 0.15569823434991975
0 0.7058823529411765 0.7311396468699839 0.06497948016415869 0.17335473515248795
0 0.6234610123119015 0.841091492776886 0.12448700410396717 0.27768860353130015
0 0.5523255813953488 0.6645264847512039 0.08891928864569083 0.21669341894060995
0 0.5068399452804377 0.8603531300160514 0.09917920656634747 0.23274478330658105
0 0.45588235294117646 0.7142857142857143 0.06292749658002736 0.1492776886035313
0 0.42305061559507523 0.8868378812199037 0.07250341997264022 0.1797752808988764
0 0.36627906976744184 0.723916532905297 0.11354309165526676 0.2680577849117175
0 0.3423392612859097 0.9052969502407705 0.06429548563611491 0.14606741573033707
0 0.2670998632010944 0.8547351524879615 0.09165526675786594 0.23113964686998395
