0 0.32489740082079344 0.8547351524879615 0.08960328317373462 0.23113964686998395
0 0.40047879616963067 0.9036918138041734 0.06292749658002736 0.14606741573033707
0 0.42441860465116277 0.7231139646869984 0.11080711354309165 0.27287319422150885
0 0.4791381668946648 0.8876404494382022 0.07523939808481532 0.1781701444622793
0 0.5136798905608755 0.7142857142857143 0.06224350205198358 0.1492776886035313
0 0.6104651162790697 0.6621187800963082 0.09165526675786594 0.21187800963081863
0 0.5649794801641587 0.8595505617977528 0.09917920656634747 0.24077046548956663
0 0.6812585499316005 0.841091492776886 0.1238030095759234 0.27768860353130015
0 0.7612859097127223 0.7327447833065811 0.0677154582763338 0.17014446227929375
0 0.7753077975376197 0.9028892455858748 0.06429548563611491 0.1637239165329053
