0 0.6104651162790697 0.8587479935794543 0.09849521203830369 0.24558587479935795
0 0.643296853625171 0.6540930979133226 0.09165526675786594 0.21829855537720708
0 0.716484268125855 0.8242375601926164 0.10807113543091655 0.3113964686998395
0 0.7828317373461012 0.666131621187801 0.06839945280437756 0.1653290529695024
0 0.8119015047879617 0.9069020866773676 0.06497948016415869 0.15890850722311398
0 0.8440492476060192 0.776083467094703 0.06224350205198358 0.15409309791332262
0 0.8584131326949385 0.6324237560192616 0.05950752393980848 0.1492776886035313
0 0.8867989056087552 0.8900481540930979 0.07387140902872777 0.1797752808988764
0 0.9312585499316005 0.709470304975923 0.106703146374829 0.2552166934189406
0 0.95109439124487 0.9093097913322632 0.060191518467852256 0.14125200642054575
