0 0.4097127222982216 0.8611556982343499 0.08823529411764706 0.2247191011235955
0 0.5136798905608755 0.8635634028892456 0.09370725034199727 0.22632423756019263
0 0.6145690834473324 0.8571428571428571 0.09849521203830369 0.24237560192616373
0 0.6504787961696307 0.6918138041733547 0.05813953488372093 0.15248796147672553
0 0.719562243502052 0.8202247191011236 0.10875512995896033 0.3130016051364366
0 0.7660738714090287 0.622792937399679 0.06634746922024624 0.1653290529695024
0 0.8050615595075239 0.7479935794542536 0.054035567715458276 0.1492776886035313
0 0.8255813953488372 0.9085072231139647 0.06497948016415869 0.15890850722311398
0 0.8912448700410397 0.9004815409309791 0.0704514363885089 0.17174959871589085
0 0.9528043775649795 0.9077046548956661 0.05813953488372093 0.14446227929373998
