0 0.8953488372093024 0.9069020866773676 0.06087551299589603 0.1492776886035313
0 0.8327633378932968 0.9020866773675762 0.07113543091655267 0.16853932584269662
0 0.7653898768809849 0.9085072231139647 0.06497948016415869 0.15890850722311398
0 0.7479480164158687 0.7455858747993579 0.0560875512995896 0.1476725521669342
0 0.7093023255813954 0.6252006420545746 0.0677154582763338 0.16693418940609953
0 0.6621067031463749 0.8218298555377207 0.10875512995896033 0.3097913322632424
0 0.5930232558139535 0.6926163723916533 0.05950752393980848 0.14125200642054575
0 0.5560875512995896 0.8539325842696629 0.09917920656634747 0.2391653290529695
0 0.4575923392612859 0.8635634028892456 0.09097127222982217 0.2231139646869984
0 0.35225718194254446 0.8635634028892456 0.09097127222982217 0.2231139646869984
