0 0.3912448700410397 0.906099518459069 0.06087551299589603 0.13804173354735153
0 0.4794801641586867 0.8868378812199037 0.07455540355677155 0.17656500802568217
0 0.5653214774281806 0.8619582664526485 0.09575923392612859 0.22953451043338685
0 0.6084131326949385 0.6613162118780096 0.09302325581395349 0.21348314606741572
0 0.676812585499316 0.8434991974317817 0.12722298221614228 0.27287319422150885
0 0.7814637482900136 0.6990369181380417 0.1121751025991792 0.26003210272873195
0 0.7725718194254446 0.9028892455858748 0.06155950752393981 0.1508828250401284
0 0.8259233926128591 0.8346709470304976 0.060191518467852256 0.14285714285714285
0 0.887140902872777 0.8924558587479936 0.06908344733242135 0.17174959871589085
0 0.9514363885088919 0.906099518459069 0.05950752393980848 0.14446227929373998
