0 0.8734610123119015 0.7118780096308186 0.10465116279069768 0.2536115569823435
0 0.8946648426812586 0.9077046548956661 0.06087551299589603 0.14125200642054575
0 0.8310533515731874 0.8948635634028892 0.0704514363885089 0.17656500802568217
0 0.7872777017783857 0.7808988764044944 0.06361149110807114 0.1508828250401284
0 0.8006155950752394 0.6324237560192616 0.060191518467852256 0.14606741573033707
0 0.7274281805745554 0.6677367576243981 0.06839945280437756 0.1653290529695024
0 0.7541039671682627 0.9036918138041734 0.06566347469220246 0.15248796147672553
0 0.6603967168262654 0.819422150882825 0.10807113543091655 0.3113964686998395
0 0.5872093023255814 0.6460674157303371 0.08618331053351573 0.20545746388443017
0 0.5526675786593708 0.8547351524879615 0.09507523939808482 0.23113964686998395
