0 0.39808481532147744 0.833868378812199 0.12517099863201095 0.2825040128410915
0 0.47093023255813954 0.6934189406099518 0.06155950752393981 0.13964686998394862
0 0.5160738714090287 0.8507223113964687 0.11627906976744186 0.26163723916532905
0 0.597469220246238 0.9036918138041734 0.06292749658002736 0.15569823434991975
0 0.6186730506155951 0.7616372391653291 0.06292749658002736 0.14446227929373998
0 0.6607387140902873 0.9077046548956661 0.06497948016415869 0.15409309791332262
0 0.6843365253077975 0.7287319422150883 0.06703146374829001 0.17174959871589085
0 0.7346101231190151 0.8739967897271268 0.08686730506155951 0.21508828250401285
0 0.8105335157318742 0.7897271268057785 0.09233926128590972 0.2391653290529695
0 0.8878248974008208 0.8972712680577849 0.07455540355677155 0.17174959871589085
