0 0.4681942544459644 0.8499197431781701 0.1121751025991792 0.2696629213483146
0 0.5530095759233926 0.898876404494382 0.06292749658002736 0.15569823434991975
0 0.6190150478796169 0.8908507223113965 0.0704514363885089 0.1781701444622793
0 0.667578659370725 0.7720706260032103 0.06087551299589603 0.13964686998394862
0 0.686046511627907 0.906099518459069 0.06497948016415869 0.13804173354735153
0 0.7458960328317373 0.8964686998394864 0.0560875512995896 0.1508828250401284
0 0.7643638850889193 0.7191011235955056 0.08891928864569083 0.2231139646869984
0 0.823187414500684 0.8756019261637239 0.08755129958960328 0.21508828250401285
0 0.8891928864569083 0.7367576243980738 0.09370725034199727 0.23274478330658105
0 0.9466484268125855 0.8964686998394864 0.07455540355677155 0.17335473515248795
