0 0.4103967168262654 0.8515248796147673 0.11285909712722299 0.27608346709470305
0 0.49350205198358416 0.9012841091492777 0.06566347469220246 0.1476725521669342
0 0.560875512995896 0.8924558587479936 0.0704514363885089 0.18780096308186195
0 0.6114911080711354 0.7744783306581059 0.05950752393980848 0.13162118780096307
0 0.6282489740082079 0.9052969502407705 0.06155950752393981 0.13964686998394862
0 0.6884404924760602 0.8996789727126806 0.058823529411764705 0.1508828250401284
0 0.7657318741450069 0.8747993579454254 0.08618331053351573 0.2102728731942215
0 0.8898768809849521 0.8940609951845907 0.073187414500684 0.17495987158908508
0 0.8337893296853626 0.7383627608346709 0.09370725034199727 0.22953451043338685
0 0.7069083447332422 0.7182985553772071 0.08891928864569083 0.22150882825040127
