0 0.03625170998632011 0.8932584269662921 0.0704514363885089 0.1476725521669342
0 0.07079343365253078 0.7520064205457464 0.06976744186046512 0.15409309791332262
0 0.1326949384404925 0.8595505617977528 0.09370725034199727 0.2247191011235955
0 0.18296853625170997 0.6669341894060995 0.08891928864569083 0.2086677367576244
0 0.23563611491108072 0.8531300160513644 0.12585499316005472 0.2664526484751204
0 0.3225034199726402 0.7335473515248796 0.06429548563611491 0.13001605136436598
0 0.40013679890560877 0.6902086677367576 0.09917920656634747 0.23595505617977527
0 0.41928864569083446 0.8820224719101124 0.0704514363885089 0.17656500802568217
0 0.48632010943912446 0.8964686998394864 0.06224350205198358 0.14446227929373998
0 0.3344733242134063 0.884430176565008 0.0677154582763338 0.16853932584269662
