0 0.457250341997264 0.8322632423756019 0.12311901504787962 0.2857142857142857
0 0.5287277701778386 0.6958266452648475 0.06087551299589603 0.14446227929373998
0 0.5738714090287278 0.8523274478330658 0.11422708618331054 0.25842696629213485
0 0.6549247606019152 0.9012841091492777 0.057455540355677154 0.16051364365971107
0 0.6740766073871409 0.7608346709470305 0.06566347469220246 0.1492776886035313
0 0.7411080711354309 0.7303370786516854 0.06566347469220246 0.1653290529695024
0 0.7168262653898769 0.9028892455858748 0.0677154582763338 0.1476725521669342
0 0.789671682626539 0.869983948635634 0.08755129958960328 0.2102728731942215
0 0.865595075239398 0.7913322632423756 0.09028727770177838 0.2391653290529695
0 0.9456224350205198 0.8996789727126806 0.07250341997264022 0.17335473515248795
