0 0.36764705882352944 0.8362760834670947 0.12722298221614228 0.2712680577849117
0 0.2968536251709986 0.6717495987158909 0.07455540355677155 0.17335473515248795
0 0.23734610123119015 0.8515248796147673 0.12517099863201095 0.2664526484751204
0 0.13372093023255813 0.8611556982343499 0.09439124487004104 0.22792937399678972
0 0.18296853625170997 0.6701444622792937 0.09302325581395349 0.2086677367576244
0 0.18057455540355677 0.48073836276083465 0.06908344733242135 0.17335473515248795
0 0.12414500683994528 0.3956661316211878 0.0560875512995896 0.1476725521669342
0 0.09610123119015047 0.5738362760834671 0.106703146374829 0.23434991974317818
0 0.070109439124487 0.7552166934189406 0.06703146374829001 0.1508828250401284
0 0.03625170998632011 0.8972712680577849 0.07181942544459645 0.15569823434991975
