0 0.1822845417236662 0.391653290529695 0.0533515731874145 0.14606741573033707
0 0.1545827633378933 0.579454253611557 0.10601915184678523 0.22953451043338685
0 0.2359781121751026 0.47913322632423755 0.0677154582763338 0.17335473515248795
0 0.12859097127222982 0.7568218298555377 0.06634746922024624 0.15409309791332262
0 0.09610123119015047 0.8948635634028892 0.06976744186046512 0.15730337078651685
0 0.19391244870041038 0.8611556982343499 0.09439124487004104 0.22150882825040127
0 0.2421340629274966 0.6677367576243981 0.08960328317373462 0.20706260032102727
0 0.2971956224350205 0.8499197431781701 0.12722298221614228 0.2664526484751204
0 0.35738714090287277 0.6709470304975923 0.07387140902872777 0.17174959871589085
0 0.42441860465116277 0.8386837881219904 0.12448700410396717 0.27608346709470305
