0 0.1292749658002736 0.7528089887640449 0.06497948016415869 0.15248796147672553
0 0.09815321477428181 0.8972712680577849 0.06976744186046512 0.15248796147672553
0 0.19322845417236661 0.8611556982343499 0.09575923392612859 0.2247191011235955
0 0.24042407660738713 0.6701444622792937 0.08891928864569083 0.20545746388443017
0 0.2975376196990424 0.8547351524879615 0.12517099863201095 0.2664526484751204
0 0.3792749658002736 0.7343499197431782 0.06429548563611491 0.13804173354735153
0 0.39261285909712723 0.884430176565008 0.07181942544459645 0.17174959871589085
0 0.4582763337893297 0.6942215088282504 0.10054719562243503 0.2375601926163724
0 0.4750341997264022 0.8836276083467095 0.07387140902872777 0.17656500802568217
0 0.5434336525307798 0.8996789727126806 0.06292749658002736 0.14446227929373998
