0 0.3792749658002736 0.608346709470305 0.060191518467852256 0.13964686998394862
0 0.3279753761969904 0.7102728731942215 0.06566347469220246 0.17014446227929375
0 0.2664158686730506 0.841091492776886 0.09986320109439124 0.24558587479935795
0 0.4045827633378933 0.8202247191011236 0.12311901504787962 0.3162118780096308
0 0.5116279069767442 0.8459069020866774 0.10875512995896033 0.27447833065810595
0 0.5981532147742818 0.8868378812199037 0.07113543091655267 0.17014446227929375
0 0.6446648426812586 0.7800963081861958 0.060191518467852256 0.1492776886035313
0 0.68296853625171 0.9093097913322632 0.06292749658002736 0.1348314606741573
0 0.7462380300957593 0.9012841091492777 0.06224350205198358 0.15409309791332262
0 0.8173734610123119 0.8731942215088283 0.08549931600547196 0.21990369181380418
