0 0.43673050615595077 0.6091492776886035 0.06292749658002736 0.1476725521669342
0 0.38611491108071133 0.7126805778491172 0.06839945280437756 0.17174959871589085
0 0.32660738714090287 0.848314606741573 0.1012311901504788 0.2568218298555377
0 0.45998632010943913 0.8258426966292135 0.11491108071135431 0.31781701444622795
0 0.5699384404924761 0.8459069020866774 0.10978112175102599 0.2712680577849117
0 0.6569767441860465 0.8812199036918138 0.06976744186046512 0.16853932584269662
0 0.7028043775649795 0.776083467094703 0.060191518467852256 0.14446227929373998
0 0.7411080711354309 0.9109149277688604 0.06155950752393981 0.14125200642054575
0 0.804719562243502 0.9020866773675762 0.060191518467852256 0.15569823434991975
0 0.874829001367989 0.869983948635634 0.08549931600547196 0.21990369181380418
