0 0.10225718194254446 0.8812199036918138 0.06976744186046512 0.15569823434991975
0 0.16928864569083446 0.8804173354735152 0.06976744186046512 0.18298555377207062
0 0.25273597811217513 0.8475120385232745 0.09712722298221614 0.24879614767255218
0 0.3696990424076607 0.8354735152487961 0.12722298221614228 0.27608346709470305
0 0.46135430916552667 0.8932584269662921 0.06155950752393981 0.16051364365971107
0 0.5482216142270862 0.8587479935794543 0.11080711354309165 0.26163723916532905
0 0.6337209302325582 0.8852327447833066 0.06566347469220246 0.17656500802568217
0 0.6939124487004104 0.898876404494382 0.0560875512995896 0.14285714285714285
0 0.7527359781121751 0.9012841091492777 0.06292749658002736 0.15409309791332262
0 0.8279753761969905 0.8723916532905297 0.09028727770177838 0.21187800963081863
0 0.9227086183310533 0.8683788121990369 0.09370725034199727 0.2231139646869984
