0 0.51875 0.28854166666666664 0.15138888888888888 0.06458333333333334
0 0.5006944444444444 0.26197916666666665 0.2013888888888889 0.11145833333333334
0 0.16666666666666666 0.30416666666666664 0.11666666666666667 0.027083333333333334
0 0.8847222222222222 0.2875 0.20555555555555555 0.06666666666666667
0 0.7805555555555556 0.4479166666666667 0.08055555555555556 0.07083333333333333
0 0.9430555555555555 0.5036458333333333 0.05555555555555555 0.026041666666666668
0 0.6229166666666667 0.4192708333333333 0.2013888888888889 0.023958333333333335
0 0.06319444444444444 0.45989583333333334 0.09027777777777778 0.06979166666666667
0 0.23333333333333334 0.5041666666666667 0.03888888888888889 0.022916666666666665
0 0.5194444444444445 0.5098958333333333 0.075 0.021875
0 0.5243055555555556 0.45729166666666665 0.18194444444444444 0.052083333333333336
