0 0.5659722222222222 0.35520833333333335 0.13472222222222222 0.058333333333333334
0 0.5486111111111112 0.3984375 0.06666666666666667 0.021875
0 0.47638888888888886 0.36041666666666666 0.041666666666666664 0.03958333333333333
0 0.6638888888888889 0.3645833333333333 0.058333333333333334 0.04791666666666667
0 0.6416666666666667 0.41041666666666665 0.06666666666666667 0.05
0 0.68125 0.42864583333333334 0.020833333333333332 0.04895833333333333
0 0.6277777777777778 0.440625 0.05555555555555555 0.01875
0 0.6375 0.46458333333333335 0.058333333333333334 0.025
0 0.5555555555555556 0.4765625 0.1 0.036458333333333336
0 0.4847222222222222 0.396875 0.04722222222222222 0.027083333333333334
0 0.5270833333333333 0.42083333333333334 0.0625 0.020833333333333332
0 0.5402777777777777 0.44479166666666664 0.06388888888888888 0.020833333333333332
0 0.48541666666666666 0.4453125 0.04583333333333333 0.040625
0 0.4722222222222222 0.48072916666666665 0.025 0.028125
