0 0.9423611111111111 0.23541666666666666 0.07361111111111111 0.04791666666666667
0 0.11875 0.321875 0.07361111111111111 0.05416666666666667
0 0.27847222222222223 0.26145833333333335 0.2708333333333333 0.075
0 0.45902777777777776 0.27291666666666664 0.09305555555555556 0.075
0 0.4618055555555556 0.36666666666666664 0.06527777777777778 0.035416666666666666
0 0.5479166666666667 0.3385416666666667 0.0875 0.06666666666666667
0 0.7472222222222222 0.27395833333333336 0.1111111111111111 0.14583333333333334
0 0.9381944444444444 0.271875 0.11805555555555555 0.027083333333333334
0 0.9284722222222223 0.32135416666666666 0.09027777777777778 0.06354166666666666
0 0.9826388888888888 0.3171875 0.03194444444444444 0.019791666666666666
