0 0.35833333333333334 0.20625 0.05277777777777778 0.041666666666666664
0 0.32708333333333334 0.26145833333333335 0.07916666666666666 0.04791666666666667
0 0.3347222222222222 0.3182291666666667 0.08888888888888889 0.07604166666666666
0 0.26875 0.21197916666666666 0.029166666666666667 0.036458333333333336
0 0.27152777777777776 0.30520833333333336 0.034722222222222224 0.09791666666666667
0 0.5055555555555555 0.20677083333333332 0.09722222222222222 0.051041666666666666
0 0.47152777777777777 0.27760416666666665 0.11527777777777778 0.05520833333333333
0 0.4222222222222222 0.33697916666666666 0.03611111111111111 0.08854166666666667
0 0.5361111111111111 0.3765625 0.16666666666666666 0.159375
0 0.5166666666666667 0.3067708333333333 0.11388888888888889 0.04479166666666667
0 0.5340277777777778 0.24166666666666667 0.13472222222222222 0.10625
