0 0.10694444444444444 0.12447916666666667 0.21388888888888888 0.240625
0 0.5972222222222222 0.134375 0.11388888888888889 0.0625
0 0.42569444444444443 0.25 0.1736111111111111 0.25
0 0.48541666666666666 0.4197916666666667 0.2125 0.16458333333333333
0 0.7777777777777778 0.1140625 0.08055555555555556 0.06145833333333333
0 0.7597222222222222 0.22239583333333332 0.10833333333333334 0.13645833333333332
0 0.7569444444444444 0.36822916666666666 0.12222222222222222 0.12395833333333334
0 0.7527777777777778 0.478125 0.10833333333333334 0.125
0 0.7416666666666667 0.7520833333333333 0.11666666666666667 0.49583333333333335
0 0.5166666666666667 0.6588541666666666 0.2916666666666667 0.24270833333333333
0 0.25555555555555554 0.32395833333333335 0.18055555555555555 0.24375
0 0.06736111111111111 0.3109375 0.07361111111111111 0.040625
0 0.2625 0.5364583333333334 0.18333333333333332 0.13958333333333334
0 0.24097222222222223 0.6177083333333333 0.11805555555555555 0.06666666666666667
0 0.3958333333333333 0.8026041666666667 0.5111111111111111 0.39479166666666665
