0 0.5166666666666667 0.20416666666666666 0.4722222222222222 0.1875
0 0.5638888888888889 0.615625 0.16111111111111112 0.025
0 0.6680555555555555 0.6166666666666667 0.027777777777777776 0.0125
0 0.12569444444444444 0.2942708333333333 0.13472222222222222 0.023958333333333335
0 0.17777777777777778 0.3932291666666667 0.17777777777777778 0.026041666666666668
0 0.17569444444444443 0.35833333333333334 0.09583333333333334 0.029166666666666667
0 0.3958333333333333 0.6229166666666667 0.05 0.027083333333333334
0 0.39444444444444443 0.83125 0.027777777777777776 0.07083333333333333
0 0.45208333333333334 0.8557291666666667 0.059722222222222225 0.023958333333333335
0 0.5715277777777777 0.8473958333333333 0.18194444444444444 0.03229166666666667
0 0.6909722222222222 0.8416666666666667 0.05694444444444444 0.0375
