0 0.3840277777777778 0.2796875 0.5180555555555556 0.3072916666666667
0 0.7048611111111112 0.2786458333333333 0.09027777777777778 0.06979166666666667
0 0.7305555555555555 0.5338541666666666 0.2777777777777778 0.140625
0 0.9395833333333333 0.1671875 0.0875 0.084375
0 0.925 0.2390625 0.06944444444444445 0.08229166666666667
0 0.9222222222222223 0.46197916666666666 0.06388888888888888 0.08854166666666667
0 0.9611111111111111 0.36822916666666666 0.04722222222222222 0.042708333333333334
0 0.9583333333333334 0.32395833333333335 0.041666666666666664 0.035416666666666666
0 0.9034722222222222 0.365625 0.043055555555555555 0.07291666666666667
0 0.34305555555555556 0.83125 0.11944444444444445 0.06875
0 0.6555555555555556 0.759375 0.08888888888888889 0.10625
0 0.5090277777777777 0.8354166666666667 0.1875 0.15
