0 0.21944444444444444 0.1640625 0.19722222222222222 0.11979166666666667
0 0.6201388888888889 0.2796875 0.09027777777777778 0.057291666666666664
0 0.3215277777777778 0.32447916666666665 0.12361111111111112 0.16145833333333334
0 0.3104166666666667 0.471875 0.12361111111111112 0.09791666666666667
0 0.2861111111111111 0.540625 0.09166666666666666 0.041666666666666664
0 0.3680555555555556 0.659375 0.325 0.2375
0 0.46597222222222223 0.5411458333333333 0.1597222222222222 0.14479166666666668
0 0.46111111111111114 0.3890625 0.1111111111111111 0.10520833333333333
0 0.4375 0.28125 0.07777777777777778 0.14583333333333334
0 0.5944444444444444 0.7239583333333334 0.08611111111111111 0.09166666666666666
0 0.6180555555555556 0.35260416666666666 0.1 0.06770833333333333
0 0.6166666666666667 0.4296875 0.10277777777777777 0.07604166666666666
0 0.6041666666666666 0.5546875 0.10555555555555556 0.23229166666666667
