0 0.26944444444444443 0.08072916666666667 0.3138888888888889 0.11979166666666667
0 0.25763888888888886 0.18072916666666666 0.28194444444444444 0.115625
0 0.46319444444444446 0.146875 0.1125 0.10833333333333334
0 0.04583333333333333 0.321875 0.08055555555555556 0.07291666666666667
0 0.28888888888888886 0.2713541666666667 0.3861111111111111 0.171875
0 0.8138888888888889 0.11770833333333333 0.19444444444444445 0.14583333333333334
0 0.6194444444444445 0.19427083333333334 0.15833333333333333 0.13229166666666667
0 0.8583333333333333 0.23229166666666667 0.2833333333333333 0.1
0 0.35347222222222224 0.6114583333333333 0.17083333333333334 0.18541666666666667
0 0.32916666666666666 0.4786458333333333 0.19444444444444445 0.08020833333333334
0 0.4486111111111111 0.4197916666666667 0.12777777777777777 0.1
0 0.3215277777777778 0.4078125 0.15416666666666667 0.09895833333333333
0 0.6201388888888889 0.6364583333333333 0.19305555555555556 0.1875
0 0.8791666666666667 0.3338541666666667 0.24166666666666667 0.103125
0 0.6833333333333333 0.4822916666666667 0.07222222222222222 0.12291666666666666
0 0.6569444444444444 0.32864583333333336 0.20833333333333334 0.078125
0 0.6222222222222222 0.3880208333333333 0.08055555555555556 0.21145833333333333
0 0.5493055555555556 0.5020833333333333 0.059722222222222225 0.075
