0 0.4395833333333333 0.18072916666666666 0.06527777777777778 0.026041666666666668
0 0.6381944444444444 0.11822916666666666 0.0875 0.028125
0 0.6201388888888889 0.1625 0.11805555555555555 0.0375
0 0.5958333333333333 0.19270833333333334 0.06944444444444445 0.022916666666666665
0 0.6055555555555555 0.21354166666666666 0.08333333333333333 0.014583333333333334
0 0.55 0.2921875 0.06111111111111111 0.034375
0 0.6652777777777777 0.19583333333333333 0.06111111111111111 0.06458333333333334
0 0.13819444444444445 0.29322916666666665 0.0625 0.040625
0 0.04583333333333333 0.19947916666666668 0.03611111111111111 0.021875
0 0.011111111111111112 0.24635416666666668 0.022222222222222223 0.051041666666666666
0 0.041666666666666664 0.25 0.025 0.06041666666666667
0 0.49236111111111114 0.17760416666666667 0.05138888888888889 0.036458333333333336
0 0.5305555555555556 0.2015625 0.030555555555555555 0.06770833333333333
0 0.4583333333333333 0.21354166666666666 0.09166666666666666 0.035416666666666666
0 0.7347222222222223 0.18125 0.05277777777777778 0.07291666666666667
0 0.8076388888888889 0.29010416666666666 0.07361111111111111 0.021875
0 0.9430555555555555 0.20625 0.016666666666666666 0.06458333333333334
0 0.7048611111111112 0.2552083333333333 0.10972222222222222 0.03125
0 0.2076388888888889 0.28020833333333334 0.043055555555555555 0.05416666666666667
0 0.4722222222222222 0.28958333333333336 0.08888888888888889 0.035416666666666666
0 0.6694444444444444 0.29322916666666665 0.1638888888888889 0.023958333333333335
0 0.5520833333333334 0.2520833333333333 0.19305555555555556 0.0375
0 0.2048611111111111 0.21666666666666667 0.05694444444444444 0.03125
