0 0.07013888888888889 0.415625 0.0375 0.04375
0 0.24583333333333332 0.37864583333333335 0.16944444444444445 0.06354166666666666
0 0.2423611111111111 0.4234375 0.19027777777777777 0.06979166666666667
0 0.22847222222222222 0.465625 0.13472222222222222 0.05416666666666667
0 0.2 0.5010416666666667 0.08333333333333333 0.03125
0 0.47152777777777777 0.471875 0.36527777777777776 0.06666666666666667
0 0.5270833333333333 0.5104166666666666 0.17083333333333334 0.08125
0 0.41597222222222224 0.5375 0.26805555555555555 0.05625
0 0.5173611111111112 0.6296875 0.17083333333333334 0.06354166666666666
0 0.7944444444444444 0.653125 0.12222222222222222 0.07916666666666666
0 0.36041666666666666 0.5 0.1486111111111111 0.052083333333333336
0 0.30833333333333335 0.6057291666666667 0.125 0.057291666666666664
0 0.5020833333333333 0.5734375 0.6458333333333334 0.08229166666666667
0 0.9430555555555555 0.453125 0.11388888888888889 0.052083333333333336
0 0.9520833333333333 0.5291666666666667 0.09583333333333334 0.09375
0 0.9666666666666667 0.5828125 0.06666666666666667 0.034375
0 0.9423611111111111 0.6130208333333333 0.10972222222222222 0.036458333333333336
0 0.9041666666666667 0.6671875 0.11944444444444445 0.08645833333333333
