0 0.10208333333333333 0.25729166666666664 0.13194444444444445 0.12083333333333333
0 0.24583333333333332 0.4276041666666667 0.08055555555555556 0.09479166666666666
0 0.5777777777777777 0.18697916666666667 0.23333333333333334 0.25729166666666664
0 0.48819444444444443 0.2390625 0.22083333333333333 0.24270833333333333
0 0.37222222222222223 0.11302083333333333 0.125 0.09270833333333334
0 0.28055555555555556 0.0953125 0.06388888888888888 0.078125
0 0.6166666666666667 0.05 0.06111111111111111 0.1
0 0.5534722222222223 0.26197916666666665 0.07083333333333333 0.19895833333333332
0 0.8465277777777778 0.14479166666666668 0.30694444444444446 0.2875
0 0.6722222222222223 0.17864583333333334 0.14722222222222223 0.35520833333333335
0 0.38958333333333334 0.25625 0.1625 0.17916666666666667
0 0.11527777777777778 0.08125 0.11666666666666667 0.16041666666666668
0 0.1701388888888889 0.18125 0.27361111111111114 0.36041666666666666
