0 0.5381944444444444 0.4901041666666667 0.08194444444444444 0.028125
0 0.5173611111111112 0.44114583333333335 0.07083333333333333 0.05520833333333333
0 0.5347222222222222 0.3854166666666667 0.07777777777777778 0.027083333333333334
0 0.5236111111111111 0.35572916666666665 0.027777777777777776 0.013541666666666667
0 0.5243055555555556 0.36822916666666666 0.029166666666666667 0.011458333333333333
0 0.49444444444444446 0.3645833333333333 0.03888888888888889 0.014583333333333334
0 0.48055555555555557 0.48020833333333335 0.019444444444444445 0.05
0 0.45555555555555555 0.44895833333333335 0.05555555555555555 0.07916666666666666
0 0.45555555555555555 0.39114583333333336 0.041666666666666664 0.034375
0 0.4583333333333333 0.3614583333333333 0.03333333333333333 0.014583333333333334
0 0.4618055555555556 0.31302083333333336 0.02361111111111111 0.026041666666666668
