0 0.19305555555555556 0.4171875 0.10277777777777777 0.346875
0 0.6416666666666667 0.6958333333333333 0.09444444444444444 0.09375
0 0.7277777777777777 0.9494791666666667 0.35555555555555557 0.10104166666666667
0 0.6548611111111111 0.22708333333333333 0.09861111111111111 0.08958333333333333
0 0.6506944444444445 0.45989583333333334 0.09027777777777778 0.340625
0 0.015277777777777777 0.4796875 0.022222222222222223 0.053125
0 0.013194444444444444 0.42239583333333336 0.02638888888888889 0.057291666666666664
0 0.26666666666666666 0.29270833333333335 0.041666666666666664 0.052083333333333336
0 0.2722222222222222 0.3651041666666667 0.04722222222222222 0.03229166666666667
0 0.27291666666666664 0.40677083333333336 0.04861111111111111 0.04479166666666667
