0 0.29444444444444445 0.1609375 0.2 0.09895833333333333
0 0.3125 0.25833333333333336 0.13333333333333333 0.1125
0 0.39861111111111114 0.28958333333333336 0.09166666666666666 0.020833333333333332
0 0.43819444444444444 0.2546875 0.12361111111111112 0.059375
0 0.5701388888888889 0.2869791666666667 0.08194444444444444 0.017708333333333333
0 0.8180555555555555 0.21197916666666666 0.21388888888888888 0.09895833333333333
0 0.8055555555555556 0.2515625 0.14444444444444443 0.028125
0 0.7958333333333333 0.278125 0.11666666666666667 0.020833333333333332
0 0.8041666666666667 0.346875 0.14722222222222223 0.05
0 0.7895833333333333 0.3932291666666667 0.12361111111111112 0.051041666666666666
0 0.05277777777777778 0.3015625 0.10555555555555556 0.021875
0 0.06388888888888888 0.3255208333333333 0.12777777777777777 0.028125
0 0.45694444444444443 0.321875 0.14166666666666666 0.020833333333333332
0 0.6722222222222223 0.3078125 0.09444444444444444 0.015625
0 0.8125 0.29791666666666666 0.1638888888888889 0.01875
0 0.42430555555555555 0.3671875 0.11805555555555555 0.05520833333333333
0 0.4375 0.4296875 0.13055555555555556 0.06770833333333333
0 0.27569444444444446 0.3854166666666667 0.13194444444444445 0.13125
