0 0.28055555555555556 0.0609375 0.12777777777777777 0.053125
0 0.3388888888888889 0.008333333333333333 0.06388888888888888 0.016666666666666666
0 0.31180555555555556 0.15572916666666667 0.04583333333333333 0.042708333333333334
0 0.4 0.16145833333333334 0.1388888888888889 0.04791666666666667
0 0.6534722222222222 0.2109375 0.059722222222222225 0.028125
0 0.43472222222222223 0.35833333333333334 0.05277777777777778 0.041666666666666664
0 0.33958333333333335 0.3494791666666667 0.07361111111111111 0.036458333333333336
0 0.3923611111111111 0.19010416666666666 0.05694444444444444 0.026041666666666668
0 0.09375 0.19375 0.03194444444444444 0.014583333333333334
0 0.1284722222222222 0.27291666666666664 0.03194444444444444 0.014583333333333334
0 0.12152777777777778 0.3177083333333333 0.04027777777777778 0.016666666666666666
0 0.07222222222222222 0.2828125 0.07222222222222222 0.034375
0 0.04375 0.24375 0.05416666666666667 0.041666666666666664
0 0.10902777777777778 0.24947916666666667 0.0625 0.034375
0 0.3416666666666667 0.20677083333333332 0.06388888888888888 0.028125
0 0.4340277777777778 0.1984375 0.029166666666666667 0.028125
0 0.4513888888888889 0.2708333333333333 0.019444444444444445 0.13333333333333333
0 0.28125 0.3411458333333333 0.04583333333333333 0.036458333333333336
0 0.5520833333333334 0.36770833333333336 0.14027777777777778 0.04791666666666667
0 0.5180555555555556 0.18697916666666667 0.10833333333333334 0.036458333333333336
