0 0.41180555555555554 0.32083333333333336 0.14583333333333334 0.0375
0 0.54375 0.31875 0.11527777777777778 0.05625
0 0.8840277777777777 0.2796875 0.12083333333333333 0.042708333333333334
0 0.7618055555555555 0.3109375 0.11805555555555555 0.07395833333333333
0 0.8965277777777778 0.3072916666666667 0.14027777777777778 0.052083333333333336
0 0.33611111111111114 0.47708333333333336 0.06666666666666667 0.03125
0 0.25069444444444444 0.5166666666666667 0.11527777777777778 0.03958333333333333
0 0.8909722222222223 0.6161458333333333 0.14305555555555555 0.03854166666666667
0 0.8104166666666667 0.4942708333333333 0.14027777777777778 0.051041666666666666
0 0.2708333333333333 0.34479166666666666 0.1388888888888889 0.014583333333333334
0 0.04652777777777778 0.34322916666666664 0.07083333333333333 0.042708333333333334
0 0.2326388888888889 0.32135416666666666 0.21805555555555556 0.036458333333333336
