0 0.8361111111111111 0.34270833333333334 0.14166666666666666 0.07083333333333333
0 0.5215277777777778 0.18072916666666666 0.09583333333333334 0.03229166666666667
0 0.3659722222222222 0.18958333333333333 0.12083333333333333 0.04791666666666667
0 0.4222222222222222 0.228125 0.07222222222222222 0.025
0 0.5631944444444444 0.21927083333333333 0.18194444444444444 0.03229166666666667
0 0.8020833333333334 0.17395833333333333 0.3597222222222222 0.0375
0 0.2590277777777778 0.3255208333333333 0.08472222222222223 0.053125
0 0.18472222222222223 0.2078125 0.22777777777777777 0.06770833333333333
0 0.22569444444444445 0.1671875 0.11805555555555555 0.065625
0 0.24583333333333332 0.27395833333333336 0.06666666666666667 0.035416666666666666
0 0.53125 0.26197916666666665 0.12916666666666668 0.042708333333333334
0 0.5256944444444445 0.33489583333333334 0.12638888888888888 0.10729166666666666
0 0.8395833333333333 0.29010416666666666 0.13194444444444445 0.06979166666666667
0 0.8659722222222223 0.25364583333333335 0.10694444444444444 0.030208333333333334
0 0.9791666666666666 0.17916666666666667 0.041666666666666664 0.025
0 0.6784722222222223 0.24322916666666666 0.14305555555555555 0.030208333333333334
0 0.8375 0.21770833333333334 0.3 0.035416666666666666
