0 0.06875 0.2989583333333333 0.0625 0.07083333333333333
0 0.23125 0.375 0.0625 0.08125
0 0.65625 0.5609375 0.09583333333333334 0.06354166666666666
0 0.36319444444444443 0.265625 0.043055555555555555 0.041666666666666664
0 0.4625 0.278125 0.15555555555555556 0.1125
0 0.4444444444444444 0.3385416666666667 0.11388888888888889 0.0625
0 0.7090277777777778 0.41354166666666664 0.0625 0.04791666666666667
0 0.6534722222222222 0.4088541666666667 0.04861111111111111 0.034375
0 0.6444444444444445 0.4276041666666667 0.2777777777777778 0.16770833333333332
0 0.8784722222222222 0.540625 0.09861111111111111 0.06041666666666667
0 0.825 0.45677083333333335 0.06388888888888888 0.06770833333333333
