0 0.25277777777777777 0.16302083333333334 0.25277777777777777 0.14895833333333333
0 0.5472222222222223 0.27760416666666665 0.26944444444444443 0.11979166666666667
0 0.38263888888888886 0.32447916666666665 0.5208333333333334 0.2864583333333333
0 0.20902777777777778 0.6203125 0.4097222222222222 0.25104166666666666
0 0.24097222222222223 0.43072916666666666 0.4097222222222222 0.2552083333333333
0 0.4048611111111111 0.5661458333333333 0.30416666666666664 0.259375
0 0.7833333333333333 0.42864583333333334 0.18888888888888888 0.13229166666666667
0 0.7097222222222223 0.5614583333333333 0.175 0.12708333333333333
0 0.6423611111111112 0.7354166666666667 0.1763888888888889 0.15208333333333332
0 0.8930555555555556 0.7833333333333333 0.21388888888888888 0.15
0 0.8972222222222223 0.6807291666666667 0.20277777777777778 0.134375
0 0.95 0.55 0.09722222222222222 0.0625
0 0.9444444444444444 0.6151041666666667 0.10833333333333334 0.07604166666666666
0 0.9743055555555555 0.46979166666666666 0.04861111111111111 0.10833333333333334
