0 0.575 0.253125 0.15833333333333333 0.06666666666666667
0 0.2923611111111111 0.28229166666666666 0.14305555555555555 0.05625
0 0.28888888888888886 0.34270833333333334 0.1527777777777778 0.06458333333333334
0 0.4618055555555556 0.35625 0.1125 0.06458333333333334
0 0.5645833333333333 0.365625 0.07083333333333333 0.07916666666666666
0 0.5263888888888889 0.453125 0.2722222222222222 0.13333333333333333
0 0.9277777777777778 0.20416666666666666 0.14444444444444443 0.11041666666666666
0 0.8715277777777778 0.3625 0.16805555555555557 0.1125
0 0.7923611111111111 0.47291666666666665 0.04583333333333333 0.16666666666666666
0 0.9090277777777778 0.6026041666666667 0.18194444444444444 0.3385416666666667
0 0.9333333333333333 0.31145833333333334 0.13333333333333333 0.18541666666666667
0 0.9270833333333334 0.42135416666666664 0.14027777777777778 0.090625
