0 0.8756944444444444 0.24427083333333333 0.14583333333333334 0.021875
0 0.8895833333333333 0.26666666666666666 0.11527777777777778 0.022916666666666665
0 0.6590277777777778 0.13645833333333332 0.24861111111111112 0.0625
0 0.7659722222222223 0.2864583333333333 0.05416666666666667 0.07291666666666667
0 0.10972222222222222 0.20364583333333333 0.125 0.06770833333333333
0 0.2861111111111111 0.15572916666666667 0.22777777777777777 0.06770833333333333
0 0.45555555555555555 0.17291666666666666 0.10555555555555556 0.03333333333333333
0 0.36041666666666666 0.2125 0.34305555555555556 0.04583333333333333
0 0.6513888888888889 0.19427083333333334 0.2638888888888889 0.05520833333333333
0 0.6979166666666666 0.221875 0.14583333333333334 0.052083333333333336
0 0.7020833333333333 0.23125 0.08194444444444444 0.03958333333333333
0 0.61875 0.271875 0.15694444444444444 0.10208333333333333
0 0.5576388888888889 0.3729166666666667 0.0763888888888889 0.11041666666666666
0 0.6652777777777777 0.38385416666666666 0.1111111111111111 0.034375
0 0.66875 0.3390625 0.15694444444444444 0.046875
0 0.7534722222222222 0.3875 0.07916666666666666 0.075
0 0.13055555555555556 0.396875 0.16111111111111112 0.08125
0 0.12013888888888889 0.2911458333333333 0.05694444444444444 0.090625
0 0.3298611111111111 0.265625 0.3458333333333333 0.03958333333333333
0 0.49375 0.24895833333333334 0.0763888888888889 0.04375
0 0.17569444444444443 0.33125 0.06527777777777778 0.05416666666666667
0 0.06527777777777778 0.33958333333333335 0.044444444444444446 0.035416666666666666
