0 0.7465277777777778 0.828125 0.2513888888888889 0.10625
0 0.7625 0.9838541666666667 0.1 0.03229166666666667
0 0.8666666666666667 0.8395833333333333 0.15833333333333333 0.10416666666666667
0 0.7625 0.3140625 0.21388888888888888 0.057291666666666664
0 0.5458333333333333 0.2598958333333333 0.20555555555555555 0.35520833333333335
0 0.4201388888888889 0.2390625 0.04583333333333333 0.146875
0 0.6222222222222222 0.6520833333333333 0.21944444444444444 0.23958333333333334
0 0.47708333333333336 0.6895833333333333 0.04861111111111111 0.09791666666666667
0 0.25763888888888886 0.5770833333333333 0.10416666666666667 0.14583333333333334
0 0.3326388888888889 0.6588541666666666 0.043055555555555555 0.051041666666666666
0 0.3159722222222222 0.7109375 0.029166666666666667 0.04479166666666667
