0 0.42916666666666664 0.22291666666666668 0.20833333333333334 0.052083333333333336
0 0.49027777777777776 0.3 0.11388888888888889 0.07291666666666667
0 0.47152777777777777 0.37552083333333336 0.10138888888888889 0.040625
0 0.4270833333333333 0.42864583333333334 0.08472222222222223 0.057291666666666664
0 0.43472222222222223 0.48333333333333334 0.08055555555555556 0.05416666666666667
0 0.3013888888888889 0.24479166666666666 0.08611111111111111 0.03958333333333333
0 0.28055555555555556 0.29583333333333334 0.12222222222222222 0.05416666666666667
0 0.2673611111111111 0.34427083333333336 0.10694444444444444 0.053125
0 0.2861111111111111 0.40260416666666665 0.11944444444444445 0.04895833333333333
0 0.2777777777777778 0.44479166666666664 0.10277777777777777 0.03958333333333333
0 0.5763888888888888 0.434375 0.019444444444444445 0.12083333333333333
