0 0.8583333333333333 0.25416666666666665 0.2833333333333333 0.45625
0 0.5868055555555556 0.05572916666666667 0.07916666666666666 0.06979166666666667
0 0.5625 0.27395833333333336 0.09166666666666666 0.37083333333333335
0 0.5486111111111112 0.5177083333333333 0.075 0.11041666666666666
0 0.6284722222222222 0.5833333333333334 0.07361111111111111 0.10416666666666667
0 0.7493055555555556 0.7140625 0.12083333333333333 0.14479166666666668
0 0.90625 0.8755208333333333 0.1875 0.24895833333333334
0 0.49930555555555556 0.28072916666666664 0.043055555555555555 0.24895833333333334
0 0.017361111111111112 0.20885416666666667 0.034722222222222224 0.06354166666666666
0 0.06944444444444445 0.23854166666666668 0.03888888888888889 0.05
0 0.06666666666666667 0.1671875 0.041666666666666664 0.015625
0 0.06527777777777778 0.19947916666666668 0.041666666666666664 0.017708333333333333
0 0.09930555555555555 0.15052083333333333 0.034722222222222224 0.03229166666666667
0 0.14305555555555555 0.16145833333333334 0.044444444444444446 0.03958333333333333
0 0.10972222222222222 0.21041666666666667 0.03333333333333333 0.07916666666666666
0 0.2548611111111111 0.1578125 0.07083333333333333 0.040625
0 0.20416666666666666 0.2609375 0.06944444444444445 0.03229166666666667
0 0.016666666666666666 0.2557291666666667 0.030555555555555555 0.03229166666666667
0 0.007638888888888889 0.14270833333333333 0.015277777777777777 0.022916666666666665
